Date,Close,Open,High,Low,Volume
2020-12-02,77.21809387207031,76.4459129333496,77.21809387207031,76.4459129333496,1000000
2020-12-03,80.2726058959961,77.21809387207031,80.2726058959961,77.21809387207031,1000000
2020-12-04,80.2726058959961,80.2726058959961,80.2726058959961,80.2726058959961,1000000
2020-12-07,81.25006103515625,80.2726058959961,81.25006103515625,80.2726058959961,1000000
2020-12-08,79.98750305175781,81.25006103515625,81.25006103515625,79.98750305175781,1000000
2020-12-09,80.06895446777344,79.98750305175781,80.06895446777344,79.98750305175781,1000000
2020-12-10,79.13226318359375,80.06895446777344,80.06895446777344,79.13226318359375,1000000
2020-12-11,83.40855407714844,79.13226318359375,83.40855407714844,79.13226318359375,1000000
2020-12-14,85.2005386352539,83.40855407714844,85.2005386352539,83.40855407714844,1000000
2020-12-15,86.21871185302734,85.2005386352539,86.21871185302734,85.2005386352539,1000000
2020-12-16,85.44491577148438,86.21871185302734,86.21871185302734,85.44491577148438,1000000
2020-12-17,85.078369140625,85.44491577148438,85.44491577148438,85.078369140625,1000000
2020-12-18,84.50819396972656,85.078369140625,85.078369140625,84.50819396972656,1000000
2020-12-21,79.41735076904297,84.50819396972656,84.50819396972656,79.41735076904297,1000000
2020-12-22,80.55769348144531,79.41735076904297,80.55769348144531,79.41735076904297,1000000
2020-12-23,80.2726058959961,80.55769348144531,80.55769348144531,80.2726058959961,1000000
2020-12-24,81.41294860839844,80.2726058959961,81.41294860839844,80.2726058959961,1000000
2020-12-28,81.8202133178711,81.41294860839844,81.8202133178711,81.41294860839844,1000000
2020-12-29,80.31332397460938,81.8202133178711,81.8202133178711,80.31332397460938,1000000
2020-12-30,80.72058868408203,80.31332397460938,80.72058868408203,80.31332397460938,1000000
2020-12-31,80.92423248291016,80.72058868408203,80.92423248291016,80.72058868408203,1000000
2021-01-01,80.67986297607422,80.92423248291016,80.92423248291016,80.67986297607422,1000000
2021-01-04,80.67986297607422,80.67986297607422,80.67986297607422,80.67986297607422,1000000
2021-01-05,79.49879455566406,80.67986297607422,80.67986297607422,79.49879455566406,1000000
2021-01-06,79.70243835449219,79.49879455566406,79.70243835449219,79.49879455566406,1000000
2021-01-07,79.01005554199219,79.70243835449219,79.70243835449219,79.01005554199219,1000000
2021-01-08,81.57586669921875,79.01005554199219,81.57586669921875,79.01005554199219,1000000
2021-01-11,80.63914489746094,81.57586669921875,81.57586669921875,80.63914489746094,1000000
2021-01-12,81.57586669921875,80.63914489746094,81.57586669921875,80.63914489746094,1000000
2021-01-13,83.5307388305664,81.57586669921875,83.5307388305664,81.57586669921875,1000000
2021-01-14,83.24565887451172,83.5307388305664,83.5307388305664,83.24565887451172,1000000
2021-01-15,81.8202133178711,83.24565887451172,83.24565887451172,81.8202133178711,1000000
2021-01-18,79.45807647705078,81.8202133178711,81.8202133178711,79.45807647705078,1000000
2021-01-19,81.16860961914062,79.45807647705078,81.16860961914062,79.45807647705078,1000000
2021-01-20,80.06895446777344,81.16860961914062,81.16860961914062,80.06895446777344,1000000
2021-01-21,78.2769775390625,80.06895446777344,80.06895446777344,78.2769775390625,1000000
2021-01-22,76.60718536376953,78.2769775390625,78.2769775390625,76.60718536376953,1000000
2021-01-25,75.91482543945312,76.60718536376953,76.60718536376953,75.91482543945312,1000000
2021-01-27,74.3672103881836,75.91482543945312,75.91482543945312,74.3672103881836,1000000
2021-01-28,74.61155700683594,74.3672103881836,74.61155700683594,74.3672103881836,1000000
2021-01-29,72.45304107666016,74.61155700683594,74.61155700683594,72.45304107666016,1000000
2021-02-01,74.9373779296875,72.45304107666016,74.9373779296875,72.45304107666016,1000000
2021-02-02,76.68863677978516,74.9373779296875,76.68863677978516,74.9373779296875,1000000
2021-02-03,78.9693374633789,76.68863677978516,78.9693374633789,76.68863677978516,1000000
2021-02-04,80.67986297607422,78.9693374633789,80.67986297607422,78.9693374633789,1000000
2021-02-05,81.0464096069336,80.67986297607422,81.0464096069336,80.67986297607422,1000000
2021-02-08,81.69804382324219,81.0464096069336,81.69804382324219,81.0464096069336,1000000
2021-02-09,81.41294860839844,81.69804382324219,81.69804382324219,81.41294860839844,1000000
2021-02-10,81.33149719238281,81.41294860839844,81.41294860839844,81.33149719238281,1000000
2021-02-11,81.70940399169922,81.33149719238281,81.70940399169922,81.33149719238281,1000000
2021-02-12,80.5757064819336,81.70940399169922,81.70940399169922,80.5757064819336,1000000
2021-02-15,79.94588470458984,80.5757064819336,80.5757064819336,79.94588470458984,1000000
2021-02-16,82.29723358154297,79.94588470458984,82.29723358154297,79.94588470458984,1000000
2021-02-17,83.43091583251953,82.29723358154297,83.43091583251953,82.29723358154297,1000000
2021-02-18,86.83198547363281,83.43091583251953,86.83198547363281,83.43091583251953,1000000
2021-02-19,87.50379180908203,86.83198547363281,87.50379180908203,86.83198547363281,1000000
2021-02-22,85.69830322265625,87.50379180908203,87.50379180908203,85.69830322265625,1000000
2021-02-23,86.83198547363281,85.69830322265625,86.83198547363281,85.69830322265625,1000000
2021-02-24,86.66401672363281,86.83198547363281,86.83198547363281,86.66401672363281,1000000
2021-02-25,90.69490814208984,86.66401672363281,90.69490814208984,86.66401672363281,1000000
2021-02-26,90.10707092285156,90.69490814208984,90.69490814208984,90.10707092285156,1000000
2021-03-01,91.07280731201172,90.10707092285156,91.07280731201172,90.10707092285156,1000000
2021-03-02,94.51585388183594,91.07280731201172,94.51585388183594,91.07280731201172,1000000
2021-03-03,94.64181518554688,94.51585388183594,94.64181518554688,94.51585388183594,1000000
2021-03-04,93.0462646484375,94.64181518554688,94.64181518554688,93.0462646484375,1000000
2021-03-05,91.2827377319336,93.0462646484375,93.0462646484375,91.2827377319336,1000000
2021-03-08,92.8363265991211,91.2827377319336,92.8363265991211,91.2827377319336,1000000
2021-03-09,91.9545669555664,92.8363265991211,92.8363265991211,91.9545669555664,1000000
2021-03-10,92.08052825927734,91.9545669555664,92.08052825927734,91.9545669555664,1000000
2021-03-12,91.61864471435547,92.08052825927734,92.08052825927734,91.61864471435547,1000000
2021-03-15,92.7943344116211,91.61864471435547,92.7943344116211,91.61864471435547,1000000
2021-03-16,91.99654388427734,92.7943344116211,92.7943344116211,91.99654388427734,1000000
2021-03-17,89.47725677490234,91.99654388427734,91.99654388427734,89.47725677490234,1000000
2021-03-18,87.16789245605469,89.47725677490234,89.47725677490234,87.16789245605469,1000000
2021-03-19,91.11479949951172,87.16789245605469,91.11479949951172,87.16789245605469,1000000
2021-03-22,92.24846649169922,91.11479949951172,92.24846649169922,91.11479949951172,1000000
2021-03-23,91.24076843261719,92.24846649169922,92.24846649169922,91.24076843261719,1000000
2021-03-24,89.01537322998047,91.24076843261719,91.24076843261719,89.01537322998047,1000000
2021-03-25,86.49606323242188,89.01537322998047,89.01537322998047,86.49606323242188,1000000
2021-03-26,87.50379180908203,86.49606323242188,87.50379180908203,86.49606323242188,1000000
2021-03-30,90.44297790527344,87.50379180908203,90.44297790527344,87.50379180908203,1000000
2021-03-31,89.47725677490234,90.44297790527344,90.44297790527344,89.47725677490234,1000000
2021-04-01,90.6109390258789,89.47725677490234,90.6109390258789,89.47725677490234,1000000
2021-04-05,89.26731872558594,90.6109390258789,90.6109390258789,89.26731872558594,1000000
2021-04-06,89.05736541748047,89.26731872558594,89.26731872558594,89.05736541748047,1000000
2021-04-07,88.5534896850586,89.05736541748047,89.05736541748047,88.5534896850586,1000000
2021-04-08,88.17561340332031,88.5534896850586,88.5534896850586,88.17561340332031,1000000
2021-04-09,86.32811737060547,88.17561340332031,88.17561340332031,86.32811737060547,1000000
2021-04-12,83.17898559570312,86.32811737060547,86.32811737060547,83.17898559570312,1000000
2021-04-13,84.48062896728516,83.17898559570312,84.48062896728516,83.17898559570312,1000000
2021-04-15,85.1104507446289,84.48062896728516,85.1104507446289,84.48062896728516,1000000
2021-04-16,86.03418731689453,85.1104507446289,86.03418731689453,85.1104507446289,1000000
2021-04-19,83.17898559570312,86.03418731689453,86.03418731689453,83.17898559570312,1000000
2021-04-20,83.17898559570312,83.17898559570312,83.17898559570312,83.17898559570312,1000000
2021-04-22,83.09500885009766,83.17898559570312,83.17898559570312,83.09500885009766,1000000
2021-04-23,86.11817169189453,83.09500885009766,86.11817169189453,83.09500885009766,1000000
2021-04-26,85.99220275878906,86.11817169189453,86.11817169189453,85.99220275878906,1000000
2021-04-27,85.69830322265625,85.99220275878906,85.99220275878906,85.69830322265625,1000000
2021-04-28,86.99993133544922,85.69830322265625,86.99993133544922,85.69830322265625,1000000
2021-04-29,86.53807067871094,86.99993133544922,86.99993133544922,86.53807067871094,1000000
2021-04-30,86.03418731689453,86.53807067871094,86.53807067871094,86.03418731689453,1000000
2021-05-03,87.54579162597656,86.03418731689453,87.54579162597656,86.03418731689453,1000000
2021-05-04,87.12589263916016,87.54579162597656,87.54579162597656,87.12589263916016,1000000
2021-05-05,87.25186157226562,87.12589263916016,87.25186157226562,87.12589263916016,1000000
2021-05-06,86.53807067871094,87.25186157226562,87.25186157226562,86.53807067871094,1000000
2021-05-07,88.21759033203125,86.53807067871094,88.21759033203125,86.53807067871094,1000000
2021-05-10,90.44297790527344,88.21759033203125,90.44297790527344,88.21759033203125,1000000
2021-05-11,94.64181518554688,90.44297790527344,94.64181518554688,90.44297790527344,1000000
2021-05-12,95.14567565917969,94.64181518554688,95.14567565917969,94.64181518554688,1000000
2021-05-14,93.55013275146484,95.14567565917969,95.14567565917969,93.55013275146484,1000000
2021-05-17,93.67609405517578,93.55013275146484,93.67609405517578,93.55013275146484,1000000
2021-05-18,94.13794708251953,93.67609405517578,94.13794708251953,93.67609405517578,1000000
2021-05-19,94.01199340820312,94.13794708251953,94.13794708251953,94.01199340820312,1000000
2021-05-20,93.84403228759766,94.01199340820312,94.01199340820312,93.84403228759766,1000000
2021-05-21,94.76777648925781,93.84403228759766,94.76777648925781,93.84403228759766,1000000
2021-05-24,94.80977630615234,94.76777648925781,94.80977630615234,94.76777648925781,1000000
2021-05-25,95.14567565917969,94.80977630615234,95.14567565917969,94.80977630615234,1000000
2021-05-26,93.2981948852539,95.14567565917969,95.14567565917969,93.2981948852539,1000000
2021-05-27,92.62638092041016,93.2981948852539,93.2981948852539,92.62638092041016,1000000
2021-05-28,91.49269104003906,92.62638092041016,92.62638092041016,91.49269104003906,1000000
2021-05-31,92.7943344116211,91.49269104003906,92.7943344116211,91.49269104003906,1000000
2021-06-01,92.54239654541016,92.7943344116211,92.7943344116211,92.54239654541016,1000000
2021-06-02,93.34017944335938,92.54239654541016,93.34017944335938,92.54239654541016,1000000
2021-06-03,93.88602447509766,93.34017944335938,93.88602447509766,93.34017944335938,1000000
2021-06-04,93.84403228759766,93.88602447509766,93.88602447509766,93.84403228759766,1000000
2021-06-07,97.74894714355469,93.84403228759766,97.74894714355469,93.84403228759766,1000000
2021-06-08,97.58099365234375,97.74894714355469,97.74894714355469,97.58099365234375,1000000
2021-06-09,99.17655944824219,97.58099365234375,99.17655944824219,97.58099365234375,1000000
2021-06-10,99.51245880126953,99.17655944824219,99.51245880126953,99.17655944824219,1000000
2021-06-11,99.76441192626953,99.51245880126953,99.76441192626953,99.51245880126953,1000000
2021-06-14,99.26052856445312,99.76441192626953,99.76441192626953,99.26052856445312,1000000
2021-06-15,98.92464447021484,99.26052856445312,99.26052856445312,98.92464447021484,1000000
2021-06-16,100.60417175292969,98.92464447021484,100.60417175292969,98.92464447021484,1000000
2021-06-17,98.58873748779297,100.60417175292969,100.60417175292969,98.58873748779297,1000000
2021-06-18,95.35562133789062,98.58873748779297,98.58873748779297,95.35562133789062,1000000
2021-06-21,99.09259033203125,95.35562133789062,99.09259033203125,95.35562133789062,1000000
2021-06-22,99.34451293945312,99.09259033203125,99.34451293945312,99.09259033203125,1000000
2021-06-23,98.46275329589844,99.34451293945312,99.34451293945312,98.46275329589844,1000000
2021-06-24,99.09259033203125,98.46275329589844,99.09259033203125,98.46275329589844,1000000
2021-06-25,97.45504760742188,99.09259033203125,99.09259033203125,97.45504760742188,1000000
2021-06-28,97.53901672363281,97.45504760742188,97.53901672363281,97.45504760742188,1000000
2021-06-29,98.75668334960938,97.53901672363281,98.75668334960938,97.53901672363281,1000000
2021-06-30,97.74894714355469,98.75668334960938,98.75668334960938,97.74894714355469,1000000
2021-07-01,98.5467300415039,97.74894714355469,98.5467300415039,97.74894714355469,1000000
2021-07-02,98.6727066040039,98.5467300415039,98.6727066040039,98.5467300415039,1000000
2021-07-05,99.596435546875,98.6727066040039,99.596435546875,98.6727066040039,1000000
2021-07-06,98.79867553710938,99.596435546875,99.596435546875,98.79867553710938,1000000
2021-07-07,98.6307144165039,98.79867553710938,98.79867553710938,98.6307144165039,1000000
2021-07-08,98.6307144165039,98.6307144165039,98.6307144165039,98.6307144165039,1000000
2021-07-09,98.92464447021484,98.6307144165039,98.92464447021484,98.6307144165039,1000000
2021-07-12,98.96663665771484,98.92464447021484,98.96663665771484,98.92464447021484,1000000
2021-07-13,100.68814849853516,98.96663665771484,100.68814849853516,98.96663665771484,1000000
2021-07-14,101.40194702148438,100.68814849853516,101.40194702148438,100.68814849853516,1000000
2021-07-15,101.02405548095703,101.40194702148438,101.40194702148438,101.02405548095703,1000000
2021-07-16,100.01631927490234,101.02405548095703,101.02405548095703,100.01631927490234,1000000
2021-07-19,101.94779205322266,100.01631927490234,101.94779205322266,100.01631927490234,1000000
2021-07-20,99.47046661376953,101.94779205322266,101.94779205322266,99.47046661376953,1000000
2021-07-22,100.10030364990234,99.47046661376953,100.10030364990234,99.47046661376953,1000000
2021-07-23,99.51245880126953,100.10030364990234,100.10030364990234,99.51245880126953,1000000
2021-07-26,100.22626495361328,99.51245880126953,100.22626495361328,99.51245880126953,1000000
2021-07-27,99.806396484375,100.22626495361328,100.22626495361328,99.806396484375,1000000
2021-07-28,98.08486938476562,99.806396484375,99.806396484375,98.08486938476562,1000000
2021-07-29,98.04287719726562,98.08486938476562,98.08486938476562,98.04287719726562,1000000
2021-07-30,99.26052856445312,98.04287719726562,99.26052856445312,98.04287719726562,1000000
2021-08-02,98.88264465332031,99.26052856445312,99.26052856445312,98.88264465332031,1000000
2021-08-03,98.79867553710938,98.88264465332031,98.88264465332031,98.79867553710938,1000000
2021-08-04,98.96663665771484,98.79867553710938,98.96663665771484,98.79867553710938,1000000
2021-08-05,97.83293914794922,98.96663665771484,98.96663665771484,97.83293914794922,1000000
2021-08-06,98.79867553710938,97.83293914794922,98.79867553710938,97.83293914794922,1000000
2021-08-09,98.00088500976562,98.79867553710938,98.79867553710938,98.00088500976562,1000000
2021-08-10,96.02742767333984,98.00088500976562,98.00088500976562,96.02742767333984,1000000
2021-08-11,98.21083068847656,96.02742767333984,98.21083068847656,96.02742767333984,1000000
2021-08-12,100.05831146240234,98.21083068847656,100.05831146240234,98.21083068847656,1000000
2021-08-13,99.30253601074219,100.05831146240234,100.05831146240234,99.30253601074219,1000000
2021-08-16,99.806396484375,99.30253601074219,99.806396484375,99.30253601074219,1000000
2021-08-17,98.58873748779297,99.806396484375,99.806396484375,98.58873748779297,1000000
2021-08-18,97.87493133544922,98.58873748779297,98.58873748779297,97.87493133544922,1000000
2021-08-20,95.85948181152344,97.87493133544922,97.87493133544922,95.85948181152344,1000000
2021-08-23,95.22966003417969,95.85948181152344,95.85948181152344,95.22966003417969,1000000
2021-08-24,95.69152069091797,95.22966003417969,95.69152069091797,95.22966003417969,1000000
2021-08-25,95.73351287841797,95.69152069091797,95.73351287841797,95.69152069091797,1000000
2021-08-26,94.68379974365234,95.73351287841797,95.73351287841797,94.68379974365234,1000000
2021-08-27,95.22966003417969,94.68379974365234,95.22966003417969,94.68379974365234,1000000
2021-08-30,96.53129577636719,95.22966003417969,96.53129577636719,95.22966003417969,1000000
2021-08-31,97.3710708618164,96.53129577636719,97.3710708618164,96.53129577636719,1000000
2021-09-01,96.90918731689453,97.3710708618164,97.3710708618164,96.90918731689453,1000000
2021-09-02,97.83293914794922,96.90918731689453,97.83293914794922,96.90918731689453,1000000
2021-09-03,98.25282287597656,97.83293914794922,98.25282287597656,97.83293914794922,1000000
2021-09-06,97.79093933105469,98.25282287597656,98.25282287597656,97.79093933105469,1000000
2021-09-07,97.2870864868164,97.79093933105469,97.79093933105469,97.2870864868164,1000000
2021-09-08,98.45246887207031,97.2870864868164,98.45246887207031,97.2870864868164,1000000
2021-09-09,98.88408660888672,98.45246887207031,98.88408660888672,98.45246887207031,1000000
2021-09-13,99.27252960205078,98.88408660888672,99.27252960205078,98.88408660888672,1000000
2021-09-14,100.04946899414062,99.27252960205078,100.04946899414062,99.27252960205078,1000000
2021-09-15,107.21434020996094,100.04946899414062,107.21434020996094,100.04946899414062,1000000
2021-09-16,107.04168701171875,107.21434020996094,107.21434020996094,107.04168701171875,1000000
2021-09-17,106.82587432861328,107.04168701171875,107.04168701171875,106.82587432861328,1000000
2021-09-20,105.91947937011719,106.82587432861328,106.82587432861328,105.91947937011719,1000000
2021-09-21,107.12802124023438,105.91947937011719,107.12802124023438,105.91947937011719,1000000
2021-09-22,107.3869857788086,107.12802124023438,107.3869857788086,107.12802124023438,1000000
2021-09-23,108.9408187866211,107.3869857788086,108.9408187866211,107.3869857788086,1000000
2021-09-24,107.25749206542969,108.9408187866211,108.9408187866211,107.25749206542969,1000000
2021-09-27,109.50191497802734,107.25749206542969,109.50191497802734,107.25749206542969,1000000
2021-09-28,113.9044418334961,109.50191497802734,113.9044418334961,109.50191497802734,1000000
2021-09-29,121.41463470458984,113.9044418334961,121.41463470458984,113.9044418334961,1000000
2021-09-30,122.45051574707031,121.41463470458984,122.45051574707031,121.41463470458984,1000000
2021-10-01,120.7672119140625,122.45051574707031,122.45051574707031,120.7672119140625,1000000
2021-10-04,125.64448547363281,120.7672119140625,125.64448547363281,120.7672119140625,1000000
2021-10-05,125.51500701904297,125.64448547363281,125.64448547363281,125.51500701904297,1000000
2021-10-06,123.70221710205078,125.51500701904297,125.51500701904297,123.70221710205078,1000000
2021-10-07,123.27059173583984,123.70221710205078,123.70221710205078,123.27059173583984,1000000
2021-10-08,121.80309295654297,123.27059173583984,123.27059173583984,121.80309295654297,1000000
2021-10-11,124.9970703125,121.80309295654297,124.9970703125,121.80309295654297,1000000
2021-10-12,124.78126525878906,124.9970703125,124.9970703125,124.78126525878906,1000000
2021-10-13,126.33509826660156,124.78126525878906,126.33509826660156,124.78126525878906,1000000
2021-10-14,128.9679718017578,126.33509826660156,128.9679718017578,126.33509826660156,1000000
2021-10-18,129.0974578857422,128.9679718017578,129.0974578857422,128.9679718017578,1000000
2021-10-19,129.18377685546875,129.0974578857422,129.18377685546875,129.0974578857422,1000000
2021-10-20,126.248779296875,129.18377685546875,129.18377685546875,126.248779296875,1000000
2021-10-21,127.67312622070312,126.248779296875,127.67312622070312,126.248779296875,1000000
2021-10-22,125.08338165283203,127.67312622070312,127.67312622070312,125.08338165283203,1000000
2021-10-25,124.22016143798828,125.08338165283203,125.08338165283203,124.22016143798828,1000000
2021-10-26,123.61589050292969,124.22016143798828,124.22016143798828,123.61589050292969,1000000
2021-10-27,121.9757080078125,123.61589050292969,123.61589050292969,121.9757080078125,1000000
2021-10-28,118.56594848632812,121.9757080078125,121.9757080078125,118.56594848632812,1000000
2021-10-29,114.50871276855469,118.56594848632812,118.56594848632812,114.50871276855469,1000000
2021-11-01,115.93307495117188,114.50871276855469,115.93307495117188,114.50871276855469,1000000
2021-11-02,117.96165466308594,115.93307495117188,117.96165466308594,115.93307495117188,1000000
2021-11-03,118.0479965209961,117.96165466308594,118.0479965209961,117.96165466308594,1000000
2021-11-04,118.39329528808594,118.0479965209961,118.39329528808594,118.0479965209961,1000000
2021-11-08,121.11247253417969,118.39329528808594,121.11247253417969,118.39329528808594,1000000
2021-11-09,119.55866241455078,121.11247253417969,121.11247253417969,119.55866241455078,1000000
2021-11-10,118.60908508300781,119.55866241455078,119.55866241455078,118.60908508300781,1000000
2021-11-11,117.96165466308594,118.60908508300781,118.60908508300781,117.96165466308594,1000000
2021-11-12,117.7890396118164,117.96165466308594,117.96165466308594,117.7890396118164,1000000
2021-11-15,118.39329528808594,117.7890396118164,118.39329528808594,117.7890396118164,1000000
2021-11-16,115.93307495117188,118.39329528808594,118.39329528808594,115.93307495117188,1000000
2021-11-17,117.7890396118164,115.93307495117188,117.7890396118164,115.93307495117188,1000000
2021-11-18,116.79630279541016,117.7890396118164,117.7890396118164,116.79630279541016,1000000
2021-11-22,112.35059356689453,116.79630279541016,116.79630279541016,112.35059356689453,1000000
2021-11-23,115.24246978759766,112.35059356689453,115.24246978759766,112.35059356689453,1000000
2021-11-24,116.8394546508789,115.24246978759766,116.8394546508789,115.24246978759766,1000000
2021-11-25,116.70997619628906,116.8394546508789,116.8394546508789,116.70997619628906,1000000
2021-11-26,111.22840881347656,116.70997619628906,116.70997619628906,111.22840881347656,1000000
2021-11-29,109.19978332519531,111.22840881347656,111.22840881347656,109.19978332519531,1000000
2021-11-30,109.84721374511719,109.19978332519531,109.84721374511719,109.19978332519531,1000000
2021-12-01,110.23567962646484,109.84721374511719,110.23567962646484,109.84721374511719,1000000
2021-12-02,111.09891510009766,110.23567962646484,111.09891510009766,110.23567962646484,1000000
2021-12-03,109.63141632080078,111.09891510009766,111.09891510009766,109.63141632080078,1000000
2021-12-06,107.34382629394531,109.63141632080078,109.63141632080078,107.34382629394531,1000000
2021-12-07,108.2070541381836,107.34382629394531,108.2070541381836,107.34382629394531,1000000
2021-12-08,109.84721374511719,108.2070541381836,109.84721374511719,108.2070541381836,1000000
2021-12-09,108.81133270263672,109.84721374511719,109.84721374511719,108.81133270263672,1000000
2021-12-10,108.89765930175781,108.81133270263672,108.89765930175781,108.81133270263672,1000000
2021-12-13,108.59553527832031,108.89765930175781,108.89765930175781,108.59553527832031,1000000
2021-12-14,109.07029724121094,108.59553527832031,109.07029724121094,108.59553527832031,1000000
2021-12-15,109.37244415283203,109.07029724121094,109.37244415283203,109.07029724121094,1000000
2021-12-16,109.9767074584961,109.37244415283203,109.9767074584961,109.37244415283203,1000000
2021-12-17,108.37971496582031,109.9767074584961,109.9767074584961,108.37971496582031,1000000
2021-12-20,105.09940338134766,108.37971496582031,108.37971496582031,105.09940338134766,1000000
2021-12-21,105.48784637451172,105.09940338134766,105.48784637451172,105.09940338134766,1000000
2021-12-22,105.78999328613281,105.48784637451172,105.78999328613281,105.48784637451172,1000000
2021-12-23,107.5164794921875,105.78999328613281,107.5164794921875,105.78999328613281,1000000
2021-12-24,104.66777801513672,107.5164794921875,107.5164794921875,104.66777801513672,1000000
2021-12-27,105.18572998046875,104.66777801513672,105.18572998046875,104.66777801513672,1000000
2021-12-28,107.12802124023438,105.18572998046875,107.12802124023438,105.18572998046875,1000000
2021-12-29,106.30793762207031,107.12802124023438,107.12802124023438,106.30793762207031,1000000
2021-12-30,109.54508972167969,106.30793762207031,109.54508972167969,106.30793762207031,1000000
2021-12-31,107.3869857788086,109.54508972167969,109.54508972167969,107.3869857788086,1000000
2022-01-03,108.7681655883789,107.3869857788086,108.7681655883789,107.3869857788086,1000000
2022-01-04,114.72452545166016,108.7681655883789,114.72452545166016,108.7681655883789,1000000
2022-01-05,113.94762420654297,114.72452545166016,114.72452545166016,113.94762420654297,1000000
2022-01-06,112.99803924560547,113.94762420654297,113.94762420654297,112.99803924560547,1000000
2022-01-07,113.38651275634766,112.99803924560547,113.38651275634766,112.99803924560547,1000000
2022-01-10,113.81813049316406,113.38651275634766,113.81813049316406,113.38651275634766,1000000
2022-01-11,114.20658111572266,113.81813049316406,114.20658111572266,113.81813049316406,1000000
2022-01-12,115.54460906982422,114.20658111572266,115.54460906982422,114.20658111572266,1000000
2022-01-13,116.49415588378906,115.54460906982422,116.49415588378906,115.54460906982422,1000000
2022-01-14,116.8394546508789,116.49415588378906,116.8394546508789,116.49415588378906,1000000
2022-01-17,117.91851043701172,116.8394546508789,117.91851043701172,116.8394546508789,1000000
2022-01-18,116.53733825683594,117.91851043701172,117.91851043701172,116.53733825683594,1000000
2022-01-19,116.36468505859375,116.53733825683594,116.53733825683594,116.36468505859375,1000000
2022-01-20,116.45101928710938,116.36468505859375,116.45101928710938,116.36468505859375,1000000
2022-01-21,115.76041412353516,116.45101928710938,116.45101928710938,115.76041412353516,1000000
2022-01-24,114.4655532836914,115.76041412353516,115.76041412353516,114.4655532836914,1000000
2022-01-25,116.79630279541016,114.4655532836914,116.79630279541016,114.4655532836914,1000000
2022-01-27,116.53733825683594,116.79630279541016,116.79630279541016,116.53733825683594,1000000
2022-01-28,120.98299407958984,116.53733825683594,120.98299407958984,116.53733825683594,1000000
2022-01-31,122.6231689453125,120.98299407958984,122.6231689453125,120.98299407958984,1000000
2022-02-01,121.84623718261719,122.6231689453125,122.6231689453125,121.84623718261719,1000000
2022-02-02,121.84623718261719,121.84623718261719,121.84623718261719,121.84623718261719,1000000
2022-02-03,121.40203094482422,121.84623718261719,121.84623718261719,121.40203094482422,1000000
2022-02-04,119.22541046142578,121.40203094482422,121.40203094482422,119.22541046142578,1000000
2022-02-07,120.06940460205078,119.22541046142578,120.06940460205078,119.22541046142578,1000000
2022-02-08,119.9361801147461,120.06940460205078,120.06940460205078,119.9361801147461,1000000
2022-02-09,119.98057556152344,119.9361801147461,119.98057556152344,119.9361801147461,1000000
2022-02-10,121.22437286376953,119.98057556152344,121.22437286376953,119.98057556152344,1000000
2022-02-11,121.84625244140625,121.22437286376953,121.84625244140625,121.22437286376953,1000000
2022-02-14,117.71509552001953,121.84625244140625,121.84625244140625,117.71509552001953,1000000
2022-02-15,120.24710083007812,117.71509552001953,120.24710083007812,117.71509552001953,1000000
2022-02-16,118.33700561523438,120.24710083007812,120.24710083007812,118.33700561523438,1000000
2022-02-17,117.9372329711914,118.33700561523438,118.33700561523438,117.9372329711914,1000000
2022-02-18,117.58186340332031,117.9372329711914,117.9372329711914,117.58186340332031,1000000
2022-02-21,117.22648620605469,117.58186340332031,117.58186340332031,117.22648620605469,1000000
2022-02-22,117.35975646972656,117.22648620605469,117.35975646972656,117.22648620605469,1000000
2022-02-23,115.67176055908203,117.35975646972656,117.35975646972656,115.67176055908203,1000000
2022-02-24,110.51895141601562,115.67176055908203,115.67176055908203,110.51895141601562,1000000
2022-02-25,115.80502319335938,110.51895141601562,115.80502319335938,110.51895141601562,1000000
2022-02-28,118.6035385131836,115.80502319335938,118.6035385131836,115.80502319335938,1000000
2022-03-02,116.33807373046875,118.6035385131836,118.6035385131836,116.33807373046875,1000000
2022-03-03,117.35975646972656,116.33807373046875,117.35975646972656,116.33807373046875,1000000
2022-03-04,115.67176055908203,117.35975646972656,117.35975646972656,115.67176055908203,1000000
2022-03-07,115.53850555419922,115.67176055908203,115.67176055908203,115.53850555419922,1000000
2022-03-08,118.82563781738281,115.53850555419922,118.82563781738281,115.53850555419922,1000000
2022-03-09,116.82671356201172,118.82563781738281,118.82563781738281,116.82671356201172,1000000
2022-03-10,118.1148910522461,116.82671356201172,118.1148910522461,116.82671356201172,1000000
2022-03-11,117.22648620605469,118.1148910522461,118.1148910522461,117.22648620605469,1000000
2022-03-14,117.4041748046875,117.22648620605469,117.4041748046875,117.22648620605469,1000000
2022-03-15,116.42692565917969,117.4041748046875,117.4041748046875,116.42692565917969,1000000
2022-03-16,117.9372329711914,116.42692565917969,117.9372329711914,116.42692565917969,1000000
2022-03-17,118.07048797607422,117.9372329711914,118.07048797607422,117.9372329711914,1000000
2022-03-21,118.07048797607422,118.07048797607422,118.07048797607422,118.07048797607422,1000000
2022-03-22,118.02606964111328,118.07048797607422,118.07048797607422,118.02606964111328,1000000
2022-03-23,118.5591049194336,118.02606964111328,118.5591049194336,118.02606964111328,1000000
2022-03-24,120.29153442382812,118.5591049194336,120.29153442382812,118.5591049194336,1000000
2022-03-25,119.71405029296875,120.29153442382812,120.29153442382812,119.71405029296875,1000000
2022-03-28,119.75848388671875,119.71405029296875,119.75848388671875,119.71405029296875,1000000
2022-03-29,119.35869598388672,119.75848388671875,119.75848388671875,119.35869598388672,1000000
2022-03-30,120.20268249511719,119.35869598388672,120.20268249511719,119.35869598388672,1000000
2022-03-31,119.9361801147461,120.20268249511719,120.20268249511719,119.9361801147461,1000000
2022-04-01,126.99905395507812,119.9361801147461,126.99905395507812,119.9361801147461,1000000
2022-04-04,128.1984405517578,126.99905395507812,128.1984405517578,126.99905395507812,1000000
2022-04-05,132.46282958984375,128.1984405517578,132.46282958984375,128.1984405517578,1000000
2022-04-06,135.92764282226562,132.46282958984375,135.92764282226562,132.46282958984375,1000000
2022-04-07,136.37185668945312,135.92764282226562,136.37185668945312,135.92764282226562,1000000
2022-04-08,135.0836639404297,136.37185668945312,136.37185668945312,135.0836639404297,1000000
2022-04-11,136.01649475097656,135.0836639404297,136.01649475097656,135.0836639404297,1000000
2022-04-12,135.572265625,136.01649475097656,136.01649475097656,135.572265625,1000000
2022-04-13,136.77163696289062,135.572265625,136.77163696289062,135.572265625,1000000
2022-04-18,144.98948669433594,136.77163696289062,144.98948669433594,136.77163696289062,1000000
2022-04-19,142.72402954101562,144.98948669433594,144.98948669433594,142.72402954101562,1000000
2022-04-20,142.5907440185547,142.72402954101562,142.72402954101562,142.5907440185547,1000000
2022-04-21,144.54527282714844,142.5907440185547,144.54527282714844,142.5907440185547,1000000
2022-04-22,142.5463409423828,144.54527282714844,144.54527282714844,142.5463409423828,1000000
2022-04-25,138.68174743652344,142.5463409423828,142.5463409423828,138.68174743652344,1000000
2022-04-26,139.48130798339844,138.68174743652344,139.48130798339844,138.68174743652344,1000000
2022-04-27,138.28196716308594,139.48130798339844,139.48130798339844,138.28196716308594,1000000
2022-04-28,141.88003540039062,138.28196716308594,141.88003540039062,138.28196716308594,1000000
2022-04-29,138.77056884765625,141.88003540039062,141.88003540039062,138.77056884765625,1000000
2022-05-02,139.92550659179688,138.77056884765625,139.92550659179688,138.77056884765625,1000000
2022-05-04,140.9471893310547,139.92550659179688,140.9471893310547,139.92550659179688,1000000
2022-05-05,140.72508239746094,140.9471893310547,140.9471893310547,140.72508239746094,1000000
2022-05-06,141.2581329345703,140.72508239746094,141.2581329345703,140.72508239746094,1000000
2022-05-09,141.2581329345703,141.2581329345703,141.2581329345703,141.2581329345703,1000000
2022-05-10,138.10426330566406,141.2581329345703,141.2581329345703,138.10426330566406,1000000
2022-05-11,135.52786254882812,138.10426330566406,138.10426330566406,135.52786254882812,1000000
2022-05-12,131.97418212890625,135.52786254882812,135.52786254882812,131.97418212890625,1000000
2022-05-13,128.06515502929688,131.97418212890625,131.97418212890625,128.06515502929688,1000000
2022-05-16,131.70767211914062,128.06515502929688,131.70767211914062,128.06515502929688,1000000
2022-05-17,133.7065887451172,131.70767211914062,133.7065887451172,131.70767211914062,1000000
2022-05-18,131.9297637939453,133.7065887451172,133.7065887451172,131.9297637939453,1000000
2022-05-19,131.48556518554688,131.9297637939453,131.9297637939453,131.48556518554688,1000000
2022-05-20,132.9070281982422,131.48556518554688,132.9070281982422,131.48556518554688,1000000
2022-05-23,133.3956298828125,132.9070281982422,133.3956298828125,132.9070281982422,1000000
2022-05-24,130.50830078125,133.3956298828125,133.3956298828125,130.50830078125,1000000
2022-05-25,135.61668395996094,130.50830078125,135.61668395996094,130.50830078125,1000000
2022-05-26,136.94931030273438,135.61668395996094,136.94931030273438,135.61668395996094,1000000
2022-05-27,133.6621856689453,136.94931030273438,136.94931030273438,133.6621856689453,1000000
2022-05-30,134.06195068359375,133.6621856689453,134.06195068359375,133.6621856689453,1000000
2022-05-31,138.59288024902344,134.06195068359375,138.59288024902344,134.06195068359375,1000000
2022-06-01,139.30361938476562,138.59288024902344,139.30361938476562,138.59288024902344,1000000
2022-06-02,141.3025665283203,139.30361938476562,141.3025665283203,139.30361938476562,1000000
2022-06-03,137.7044677734375,141.3025665283203,141.3025665283203,137.7044677734375,1000000
2022-06-06,137.8821258544922,137.7044677734375,137.8821258544922,137.7044677734375,1000000
2022-06-07,139.7034149169922,137.8821258544922,139.7034149169922,137.8821258544922,1000000
2022-06-08,139.52572631835938,139.7034149169922,139.7034149169922,139.52572631835938,1000000
2022-06-09,137.83773803710938,139.52572631835938,139.52572631835938,137.83773803710938,1000000
2022-06-10,137.9265899658203,137.83773803710938,137.9265899658203,137.83773803710938,1000000
2022-06-13,132.28515625,137.9265899658203,137.9265899658203,132.28515625,1000000
2022-06-14,134.5061798095703,132.28515625,134.5061798095703,132.28515625,1000000
2022-06-15,131.6188201904297,134.5061798095703,134.5061798095703,131.6188201904297,1000000
2022-06-16,126.99905395507812,131.6188201904297,131.6188201904297,126.99905395507812,1000000
2022-06-17,124.77801513671875,126.99905395507812,126.99905395507812,124.77801513671875,1000000
2022-06-20,121.93508911132812,124.77801513671875,124.77801513671875,121.93508911132812,1000000
2022-06-21,124.33380889892578,121.93508911132812,124.33380889892578,121.93508911132812,1000000
2022-06-22,122.29046630859375,124.33380889892578,124.33380889892578,122.29046630859375,1000000
2022-06-23,121.2687759399414,122.29046630859375,122.29046630859375,121.2687759399414,1000000
2022-06-24,121.35763549804688,121.2687759399414,121.35763549804688,121.2687759399414,1000000
2022-06-27,123.04562377929688,121.35763549804688,123.04562377929688,121.35763549804688,1000000
2022-06-28,123.13445281982422,123.04562377929688,123.13445281982422,123.04562377929688,1000000
2022-06-29,125.93297576904297,123.13445281982422,125.93297576904297,123.13445281982422,1000000
2022-06-30,126.95462036132812,125.93297576904297,126.95462036132812,125.93297576904297,1000000
2022-07-01,124.95571899414062,126.95462036132812,126.95462036132812,124.95571899414062,1000000
2022-07-04,125.62201690673828,124.95571899414062,125.62201690673828,124.95571899414062,1000000
2022-07-05,125.1333999633789,125.62201690673828,125.62201690673828,125.1333999633789,1000000
2022-07-06,123.44537353515625,125.1333999633789,125.1333999633789,123.44537353515625,1000000
2022-07-07,124.77801513671875,123.44537353515625,124.77801513671875,123.44537353515625,1000000
2022-07-08,127.66537475585938,124.77801513671875,127.66537475585938,124.77801513671875,1000000
2022-07-11,128.6426239013672,127.66537475585938,128.6426239013672,127.66537475585938,1000000
2022-07-12,130.6859893798828,128.6426239013672,130.6859893798828,128.6426239013672,1000000
2022-07-13,132.01861572265625,130.6859893798828,132.01861572265625,130.6859893798828,1000000
2022-07-14,131.75210571289062,132.01861572265625,132.01861572265625,131.75210571289062,1000000
2022-07-15,133.04026794433594,131.75210571289062,133.04026794433594,131.75210571289062,1000000
2022-07-18,133.084716796875,133.04026794433594,133.084716796875,133.04026794433594,1000000
2022-07-19,133.92872619628906,133.084716796875,133.92872619628906,133.084716796875,1000000
2022-07-20,133.7510223388672,133.92872619628906,133.92872619628906,133.7510223388672,1000000
2022-07-21,134.01756286621094,133.7510223388672,134.01756286621094,133.7510223388672,1000000
2022-07-22,132.32955932617188,134.01756286621094,134.01756286621094,132.32955932617188,1000000
2022-07-25,133.35122680664062,132.32955932617188,133.35122680664062,132.32955932617188,1000000
2022-07-26,133.26242065429688,133.35122680664062,133.35122680664062,133.26242065429688,1000000
2022-07-27,132.99586486816406,133.26242065429688,133.26242065429688,132.99586486816406,1000000
2022-07-28,133.57334899902344,132.99586486816406,133.57334899902344,132.99586486816406,1000000
2022-07-29,135.88320922851562,133.57334899902344,135.88320922851562,133.57334899902344,1000000
2022-08-01,139.037109375,135.88320922851562,139.037109375,135.88320922851562,1000000
2022-08-02,141.74676513671875,139.037109375,141.74676513671875,139.037109375,1000000
2022-08-03,141.83560180664062,141.74676513671875,141.83560180664062,141.74676513671875,1000000
2022-08-04,137.4379425048828,141.83560180664062,141.83560180664062,137.4379425048828,1000000
2022-08-05,138.23751831054688,137.4379425048828,138.23751831054688,137.4379425048828,1000000
2022-08-08,141.61349487304688,138.23751831054688,141.61349487304688,138.23751831054688,1000000
2022-08-10,141.0249481201172,141.61349487304688,141.61349487304688,141.0249481201172,1000000
2022-08-11,139.12350463867188,141.0249481201172,141.0249481201172,139.12350463867188,1000000
2022-08-12,143.51495361328125,139.12350463867188,143.51495361328125,139.12350463867188,1000000
2022-08-16,143.74131774902344,143.51495361328125,143.74131774902344,143.51495361328125,1000000
2022-08-17,146.18606567382812,143.74131774902344,146.18606567382812,143.74131774902344,1000000
2022-08-18,145.59750366210938,146.18606567382812,146.18606567382812,145.59750366210938,1000000
2022-08-19,142.83587646484375,145.59750366210938,145.59750366210938,142.83587646484375,1000000
2022-08-22,141.7040557861328,142.83587646484375,142.83587646484375,141.7040557861328,1000000
2022-08-23,143.6507568359375,141.7040557861328,143.6507568359375,141.7040557861328,1000000
2022-08-24,145.59750366210938,143.6507568359375,145.59750366210938,143.6507568359375,1000000
2022-08-25,143.87713623046875,145.59750366210938,145.59750366210938,143.87713623046875,1000000
2022-08-26,147.9517059326172,143.87713623046875,147.9517059326172,143.87713623046875,1000000
2022-08-29,145.7333526611328,147.9517059326172,147.9517059326172,145.7333526611328,1000000
2022-08-30,148.4949951171875,145.7333526611328,148.4949951171875,145.7333526611328,1000000
2022-09-01,145.50694274902344,148.4949951171875,148.4949951171875,145.50694274902344,1000000
2022-09-02,146.5029754638672,145.50694274902344,146.5029754638672,145.50694274902344,1000000
2022-09-05,148.94772338867188,146.5029754638672,148.94772338867188,146.5029754638672,1000000
2022-09-06,152.5242462158203,148.94772338867188,152.5242462158203,148.94772338867188,1000000
2022-09-07,151.4829864501953,152.5242462158203,152.5242462158203,151.4829864501953,1000000
2022-09-08,151.03025817871094,151.4829864501953,151.4829864501953,151.03025817871094,1000000
2022-09-09,150.84918212890625,151.03025817871094,151.03025817871094,150.84918212890625,1000000
2022-09-12,150.6680450439453,150.84918212890625,150.84918212890625,150.6680450439453,1000000
2022-09-13,151.5735321044922,150.6680450439453,151.5735321044922,150.6680450439453,1000000
2022-09-14,156.05555725097656,151.5735321044922,156.05555725097656,151.5735321044922,1000000
2022-09-15,158.54554748535156,156.05555725097656,158.54554748535156,156.05555725097656,1000000
2022-09-16,156.46299743652344,158.54554748535156,158.54554748535156,156.46299743652344,1000000
2022-09-19,154.8332061767578,156.46299743652344,156.46299743652344,154.8332061767578,1000000
2022-09-20,155.6481170654297,154.8332061767578,155.6481170654297,154.8332061767578,1000000
2022-09-21,152.66009521484375,155.6481170654297,155.6481170654297,152.66009521484375,1000000
2022-09-22,152.70535278320312,152.66009521484375,152.70535278320312,152.66009521484375,1000000
2022-09-23,148.44970703125,152.70535278320312,152.70535278320312,148.44970703125,1000000
2022-09-26,143.60552978515625,148.44970703125,148.44970703125,143.60552978515625,1000000
2022-09-27,143.96768188476562,143.60552978515625,143.96768188476562,143.60552978515625,1000000
2022-09-28,143.01695251464844,143.96768188476562,143.96768188476562,143.01695251464844,1000000
2022-09-29,144.4656982421875,143.01695251464844,144.4656982421875,143.01695251464844,1000000
2022-09-30,144.5562286376953,144.4656982421875,144.5562286376953,144.4656982421875,1000000
2022-10-03,145.19007873535156,144.5562286376953,145.19007873535156,144.5562286376953,1000000
2022-10-04,147.18206787109375,145.19007873535156,147.18206787109375,145.19007873535156,1000000
2022-10-06,147.49896240234375,147.18206787109375,147.49896240234375,147.18206787109375,1000000
2022-10-07,148.76663208007812,147.49896240234375,148.76663208007812,147.49896240234375,1000000
2022-10-10,148.44970703125,148.76663208007812,148.76663208007812,148.44970703125,1000000
2022-10-11,145.8238983154297,148.44970703125,148.44970703125,145.8238983154297,1000000
2022-10-12,149.4004364013672,145.8238983154297,149.4004364013672,145.8238983154297,1000000
2022-10-13,149.17408752441406,149.4004364013672,149.4004364013672,149.17408752441406,1000000
2022-10-14,149.49099731445312,149.17408752441406,149.49099731445312,149.17408752441406,1000000
2022-10-17,152.5242462158203,149.49099731445312,152.5242462158203,149.49099731445312,1000000
2022-10-18,151.1660919189453,152.5242462158203,152.5242462158203,151.1660919189453,1000000
2022-10-19,148.54026794433594,151.1660919189453,151.1660919189453,148.54026794433594,1000000
2022-10-20,151.1660919189453,148.54026794433594,151.1660919189453,148.54026794433594,1000000
2022-10-21,149.44570922851562,151.1660919189453,151.1660919189453,149.44570922851562,1000000
2022-10-24,151.1660919189453,149.44570922851562,151.1660919189453,149.44570922851562,1000000
2022-10-25,153.33917236328125,151.1660919189453,153.33917236328125,151.1660919189453,1000000
2022-10-27,154.51625061035156,153.33917236328125,154.51625061035156,153.33917236328125,1000000
2022-10-28,157.59483337402344,154.51625061035156,157.59483337402344,154.51625061035156,1000000
2022-10-31,156.73464965820312,157.59483337402344,157.59483337402344,156.73464965820312,1000000
2022-11-01,164.61212158203125,156.73464965820312,164.61212158203125,156.73464965820312,1000000
2022-11-02,163.84249877929688,164.61212158203125,164.61212158203125,163.84249877929688,1000000
2022-11-03,161.30718994140625,163.84249877929688,163.84249877929688,161.30718994140625,1000000
2022-11-04,160.22064208984375,161.30718994140625,161.30718994140625,160.22064208984375,1000000
2022-11-07,159.22467041015625,160.22064208984375,160.22064208984375,159.22467041015625,1000000
2022-11-09,157.00628662109375,159.22467041015625,159.22467041015625,157.00628662109375,1000000
2022-11-10,155.82919311523438,157.00628662109375,157.00628662109375,155.82919311523438,1000000
2022-11-11,155.24063110351562,155.82919311523438,155.82919311523438,155.24063110351562,1000000
2022-11-14,155.24063110351562,155.24063110351562,155.24063110351562,155.24063110351562,1000000
2022-11-15,155.82919311523438,155.24063110351562,155.82919311523438,155.24063110351562,1000000
2022-11-16,153.8824462890625,155.82919311523438,155.82919311523438,153.8824462890625,1000000
2022-11-17,152.38845825195312,153.8824462890625,153.8824462890625,152.38845825195312,1000000
2022-11-18,150.17010498046875,152.38845825195312,152.38845825195312,150.17010498046875,1000000
2022-11-21,148.85714721679688,150.17010498046875,150.17010498046875,148.85714721679688,1000000
2022-11-22,151.25665283203125,148.85714721679688,151.25665283203125,148.85714721679688,1000000
2022-11-23,152.1620635986328,151.25665283203125,152.1620635986328,151.25665283203125,1000000
2022-11-24,153.47500610351562,152.1620635986328,153.47500610351562,152.1620635986328,1000000
2022-11-25,153.7013702392578,153.47500610351562,153.7013702392578,153.47500610351562,1000000
2022-11-28,154.28988647460938,153.7013702392578,154.28988647460938,153.7013702392578,1000000
2022-11-29,154.06353759765625,154.28988647460938,154.28988647460938,154.06353759765625,1000000
2022-11-30,155.9197235107422,154.06353759765625,155.9197235107422,154.06353759765625,1000000
2022-12-01,155.9197235107422,155.9197235107422,155.9197235107422,155.9197235107422,1000000
2022-12-02,155.8744659423828,155.9197235107422,155.9197235107422,155.8744659423828,1000000
2022-12-05,158.59083557128906,155.8744659423828,158.59083557128906,155.8744659423828,1000000
2022-12-06,158.6361083984375,158.59083557128906,158.6361083984375,158.59083557128906,1000000
2022-12-07,155.6028289794922,158.6361083984375,158.6361083984375,155.6028289794922,1000000
2022-12-08,154.24462890625,155.6028289794922,155.6028289794922,154.24462890625,1000000
2022-12-09,153.47500610351562,154.24462890625,154.24462890625,153.47500610351562,1000000
2022-12-12,152.93173217773438,153.47500610351562,153.47500610351562,152.93173217773438,1000000
2022-12-13,153.20335388183594,152.93173217773438,153.20335388183594,152.93173217773438,1000000
2022-12-14,155.37644958496094,153.20335388183594,155.37644958496094,153.20335388183594,1000000
2022-12-15,155.82919311523438,155.37644958496094,155.82919311523438,155.37644958496094,1000000
2022-12-16,153.7466278076172,155.82919311523438,155.82919311523438,153.7466278076172,1000000
2022-12-19,155.55758666992188,153.7466278076172,155.55758666992188,153.7466278076172,1000000
2022-12-20,153.7013702392578,155.55758666992188,155.55758666992188,153.7013702392578,1000000
2022-12-21,152.07151794433594,153.7013702392578,153.7013702392578,152.07151794433594,1000000
2022-12-22,150.21531677246094,152.07151794433594,152.07151794433594,150.21531677246094,1000000
2022-12-23,147.5895233154297,150.21531677246094,150.21531677246094,147.5895233154297,1000000
2022-12-26,149.98898315429688,147.5895233154297,149.98898315429688,147.5895233154297,1000000
2022-12-27,149.58154296875,149.98898315429688,149.98898315429688,149.58154296875,1000000
2022-12-28,150.17010498046875,149.58154296875,150.17010498046875,149.58154296875,1000000
2022-12-29,150.9849853515625,150.17010498046875,150.9849853515625,150.17010498046875,1000000
2022-12-30,150.71334838867188,150.9849853515625,150.9849853515625,150.71334838867188,1000000
2023-01-02,152.11683654785156,150.71334838867188,152.11683654785156,150.71334838867188,1000000
2023-01-03,151.75460815429688,152.11683654785156,152.11683654785156,151.75460815429688,1000000
2023-01-04,150.84918212890625,151.75460815429688,151.75460815429688,150.84918212890625,1000000
2023-01-05,153.83717346191406,150.84918212890625,153.83717346191406,150.84918212890625,1000000
2023-01-06,153.0222625732422,153.83717346191406,153.83717346191406,153.0222625732422,1000000
2023-01-09,154.28988647460938,153.0222625732422,154.28988647460938,153.0222625732422,1000000
2023-01-10,152.07151794433594,154.28988647460938,154.28988647460938,152.07151794433594,1000000
2023-01-11,150.35118103027344,152.07151794433594,152.07151794433594,150.35118103027344,1000000
2023-01-12,150.26060485839844,150.35118103027344,150.35118103027344,150.26060485839844,1000000
2023-01-13,151.9357147216797,150.26060485839844,151.9357147216797,150.26060485839844,1000000
2023-01-16,150.26060485839844,151.9357147216797,151.9357147216797,150.26060485839844,1000000
2023-01-17,151.84515380859375,150.26060485839844,151.84515380859375,150.26060485839844,1000000
2023-01-18,153.42970275878906,151.84515380859375,153.42970275878906,151.84515380859375,1000000
2023-01-19,152.75062561035156,153.42970275878906,153.42970275878906,152.75062561035156,1000000
2023-01-20,152.75062561035156,152.75062561035156,152.75062561035156,152.75062561035156,1000000
2023-01-23,151.07553100585938,152.75062561035156,152.75062561035156,151.07553100585938,1000000
2023-01-24,150.35118103027344,151.07553100585938,151.07553100585938,150.35118103027344,1000000
2023-01-25,150.21531677246094,150.35118103027344,150.35118103027344,150.21531677246094,1000000
2023-01-27,150.5775146484375,150.21531677246094,150.5775146484375,150.21531677246094,1000000
2023-01-30,152.88644409179688,150.5775146484375,152.88644409179688,150.5775146484375,1000000
2023-01-31,154.96897888183594,152.88644409179688,154.96897888183594,152.88644409179688,1000000
2023-02-01,153.927734375,154.96897888183594,154.96897888183594,153.927734375,1000000
2023-02-02,151.12081909179688,153.927734375,153.927734375,151.12081909179688,1000000
2023-02-03,153.81524658203125,151.12081909179688,153.81524658203125,151.12081909179688,1000000
2023-02-06,154.27981567382812,153.81524658203125,154.27981567382812,153.81524658203125,1000000
2023-02-07,153.53652954101562,154.27981567382812,154.27981567382812,153.53652954101562,1000000
2023-02-08,153.768798828125,153.53652954101562,153.768798828125,153.53652954101562,1000000
2023-02-09,154.2333526611328,153.768798828125,154.2333526611328,153.768798828125,1000000
2023-02-10,153.30422973632812,154.2333526611328,154.2333526611328,153.30422973632812,1000000
2023-02-13,155.95220947265625,153.30422973632812,155.95220947265625,153.30422973632812,1000000
2023-02-14,154.27981567382812,155.95220947265625,155.95220947265625,154.27981567382812,1000000
2023-02-15,154.04751586914062,154.27981567382812,154.27981567382812,154.04751586914062,1000000
2023-02-16,155.53411865234375,154.04751586914062,155.53411865234375,154.04751586914062,1000000
2023-02-17,156.1380157470703,155.53411865234375,156.1380157470703,155.53411865234375,1000000
2023-02-20,155.99867248535156,156.1380157470703,156.1380157470703,155.99867248535156,1000000
2023-02-21,160.9694366455078,155.99867248535156,160.9694366455078,155.99867248535156,1000000
2023-02-22,158.41436767578125,160.9694366455078,160.9694366455078,158.41436767578125,1000000
2023-02-23,157.5781707763672,158.41436767578125,158.41436767578125,157.5781707763672,1000000
2023-02-24,158.87893676757812,157.5781707763672,158.87893676757812,157.5781707763672,1000000
2023-02-27,160.1796875,158.87893676757812,160.1796875,158.87893676757812,1000000
2023-02-28,158.41436767578125,160.1796875,160.1796875,158.41436767578125,1000000
2023-03-01,160.0403289794922,158.41436767578125,160.0403289794922,158.41436767578125,1000000
2023-03-02,158.69313049316406,160.0403289794922,160.0403289794922,158.69313049316406,1000000
2023-03-03,160.36553955078125,158.69313049316406,160.36553955078125,158.69313049316406,1000000
2023-03-06,164.26779174804688,160.36553955078125,164.26779174804688,160.36553955078125,1000000
2023-03-08,166.17250061035156,164.26779174804688,166.17250061035156,164.26779174804688,1000000
2023-03-09,166.7299346923828,166.17250061035156,166.7299346923828,166.17250061035156,1000000
2023-03-10,167.9378204345703,166.7299346923828,167.9378204345703,166.7299346923828,1000000
2023-03-13,166.9622344970703,167.9378204345703,167.9378204345703,166.9622344970703,1000000
2023-03-14,165.28981018066406,166.9622344970703,166.9622344970703,165.28981018066406,1000000
2023-03-15,165.56857299804688,165.28981018066406,165.56857299804688,165.28981018066406,1000000
2023-03-16,166.86935424804688,165.56857299804688,166.86935424804688,165.56857299804688,1000000
2023-03-17,164.4071807861328,166.86935424804688,166.86935424804688,164.4071807861328,1000000
2023-03-20,163.52452087402344,164.4071807861328,164.4071807861328,163.52452087402344,1000000
2023-03-21,164.5465545654297,163.52452087402344,164.5465545654297,163.52452087402344,1000000
2023-03-22,161.99148559570312,164.5465545654297,164.5465545654297,161.99148559570312,1000000
2023-03-23,162.2237548828125,161.99148559570312,162.2237548828125,161.99148559570312,1000000
2023-03-24,160.4584197998047,162.2237548828125,162.2237548828125,160.4584197998047,1000000
2023-03-27,159.11122131347656,160.4584197998047,160.4584197998047,159.11122131347656,1000000
2023-03-28,159.80804443359375,159.11122131347656,159.80804443359375,159.11122131347656,1000000
2023-03-29,161.66629028320312,159.80804443359375,161.66629028320312,159.80804443359375,1000000
2023-03-31,162.6883087158203,161.66629028320312,162.6883087158203,161.66629028320312,1000000
2023-04-03,165.1969451904297,162.6883087158203,165.1969451904297,162.6883087158203,1000000
2023-04-05,163.43157958984375,165.1969451904297,165.1969451904297,163.43157958984375,1000000
2023-04-06,162.78121948242188,163.43157958984375,163.43157958984375,162.78121948242188,1000000
2023-04-10,165.01109313964844,162.78121948242188,165.01109313964844,162.78121948242188,1000000
2023-04-11,165.4756622314453,165.01109313964844,165.4756622314453,165.01109313964844,1000000
2023-04-12,163.3386993408203,165.4756622314453,165.4756622314453,163.3386993408203,1000000
2023-04-13,160.78363037109375,163.3386993408203,163.3386993408203,160.78363037109375,1000000
2023-04-17,157.5781707763672,160.78363037109375,160.78363037109375,157.5781707763672,1000000
2023-04-18,158.042724609375,157.5781707763672,158.042724609375,157.5781707763672,1000000
2023-04-19,155.25540161132812,158.042724609375,158.042724609375,155.25540161132812,1000000
2023-04-20,157.6710662841797,155.25540161132812,157.6710662841797,155.25540161132812,1000000
2023-04-21,157.6710662841797,157.6710662841797,157.6710662841797,157.6710662841797,1000000
2023-04-24,158.8324737548828,157.6710662841797,158.8324737548828,157.6710662841797,1000000
2023-04-25,158.9718475341797,158.8324737548828,158.9718475341797,158.8324737548828,1000000
2023-04-26,157.81044006347656,158.9718475341797,158.9718475341797,157.81044006347656,1000000
2023-04-27,158.8324737548828,157.81044006347656,158.8324737548828,157.81044006347656,1000000
2023-04-28,159.80804443359375,158.8324737548828,159.80804443359375,158.8324737548828,1000000
2023-05-02,163.1528778076172,159.80804443359375,163.1528778076172,159.80804443359375,1000000
2023-05-03,163.84971618652344,163.1528778076172,163.84971618652344,163.1528778076172,1000000
2023-05-04,163.84971618652344,163.84971618652344,163.84971618652344,163.84971618652344,1000000
2023-05-05,161.8985595703125,163.84971618652344,163.84971618652344,161.8985595703125,1000000
2023-05-08,164.50009155273438,161.8985595703125,164.50009155273438,161.8985595703125,1000000
2023-05-09,163.52452087402344,164.50009155273438,164.50009155273438,163.52452087402344,1000000
2023-05-10,164.50009155273438,163.52452087402344,164.50009155273438,163.52452087402344,1000000
2023-05-11,166.8228759765625,164.50009155273438,166.8228759765625,164.50009155273438,1000000
2023-05-12,162.54893493652344,166.8228759765625,166.8228759765625,162.54893493652344,1000000
2023-05-15,163.47804260253906,162.54893493652344,163.47804260253906,162.54893493652344,1000000
2023-05-16,164.87173461914062,163.47804260253906,164.87173461914062,163.47804260253906,1000000
2023-05-17,163.52452087402344,164.87173461914062,164.87173461914062,163.52452087402344,1000000
2023-05-18,162.6883087158203,163.52452087402344,163.52452087402344,162.6883087158203,1000000
2023-05-19,161.01588439941406,162.6883087158203,162.6883087158203,161.01588439941406,1000000
2023-05-22,161.7592010498047,161.01588439941406,161.7592010498047,161.01588439941406,1000000
2023-05-23,161.80563354492188,161.7592010498047,161.80563354492188,161.7592010498047,1000000
2023-05-24,162.54893493652344,161.80563354492188,162.54893493652344,161.80563354492188,1000000
2023-05-25,162.13084411621094,162.54893493652344,162.54893493652344,162.13084411621094,1000000
2023-05-26,162.13084411621094,162.13084411621094,162.13084411621094,162.13084411621094,1000000
2023-05-29,163.80323791503906,162.13084411621094,163.80323791503906,162.13084411621094,1000000
2023-05-30,164.26779174804688,163.80323791503906,164.26779174804688,163.80323791503906,1000000
2023-05-31,161.5269317626953,164.26779174804688,164.26779174804688,161.5269317626953,1000000
2023-06-01,162.03793334960938,161.5269317626953,162.03793334960938,161.5269317626953,1000000
2023-06-02,162.1772918701172,162.03793334960938,162.1772918701172,162.03793334960938,1000000
2023-06-05,161.7592010498047,162.1772918701172,162.1772918701172,161.7592010498047,1000000
2023-06-06,162.967041015625,161.7592010498047,162.967041015625,161.7592010498047,1000000
2023-06-07,164.77883911132812,162.967041015625,164.77883911132812,162.967041015625,1000000
2023-06-08,169.14566040039062,164.77883911132812,169.14566040039062,164.77883911132812,1000000
2023-06-09,169.84249877929688,169.14566040039062,169.84249877929688,169.14566040039062,1000000
2023-06-12,172.5369415283203,169.84249877929688,172.5369415283203,169.84249877929688,1000000
2023-06-13,172.21177673339844,172.5369415283203,172.5369415283203,172.21177673339844,1000000
2023-06-14,173.93060302734375,172.21177673339844,173.93060302734375,172.21177673339844,1000000
2023-06-15,173.46604919433594,173.93060302734375,173.93060302734375,173.46604919433594,1000000
2023-06-16,174.85972595214844,173.46604919433594,174.85972595214844,173.46604919433594,1000000
2023-06-19,172.67630004882812,174.85972595214844,174.85972595214844,172.67630004882812,1000000
2023-06-20,174.20938110351562,172.67630004882812,174.20938110351562,172.67630004882812,1000000
2023-06-21,174.20938110351562,174.20938110351562,174.20938110351562,174.20938110351562,1000000
2023-06-22,171.42201232910156,174.20938110351562,174.20938110351562,171.42201232910156,1000000
2023-06-23,173.46604919433594,171.42201232910156,173.46604919433594,171.42201232910156,1000000
2023-06-26,171.7936553955078,173.46604919433594,173.46604919433594,171.7936553955078,1000000
2023-06-27,172.8621368408203,171.7936553955078,172.8621368408203,171.7936553955078,1000000
2023-06-28,175.69593811035156,172.8621368408203,175.69593811035156,172.8621368408203,1000000
2023-06-30,175.74240112304688,175.69593811035156,175.74240112304688,175.69593811035156,1000000
2023-07-03,177.69357299804688,175.74240112304688,177.69357299804688,175.74240112304688,1000000
2023-07-04,180.29505920410156,177.69357299804688,180.29505920410156,177.69357299804688,1000000
2023-07-05,179.691162109375,180.29505920410156,180.29505920410156,179.691162109375,1000000
2023-07-06,182.80368041992188,179.691162109375,182.80368041992188,179.691162109375,1000000
2023-07-07,178.94786071777344,182.80368041992188,182.80368041992188,178.94786071777344,1000000
2023-07-10,177.97227478027344,178.94786071777344,178.94786071777344,177.97227478027344,1000000
2023-07-11,178.76202392578125,177.97227478027344,178.76202392578125,177.97227478027344,1000000
2023-07-12,177.27545166015625,178.76202392578125,178.76202392578125,177.27545166015625,1000000
2023-07-13,174.58099365234375,177.27545166015625,177.27545166015625,174.58099365234375,1000000
2023-07-14,174.16287231445312,174.58099365234375,174.58099365234375,174.16287231445312,1000000
2023-07-17,173.28025817871094,174.16287231445312,174.16287231445312,173.28025817871094,1000000
2023-07-18,174.0699920654297,173.28025817871094,174.0699920654297,173.28025817871094,1000000
2023-07-19,178.90142822265625,174.0699920654297,178.90142822265625,174.0699920654297,1000000
2023-07-20,179.22657775878906,178.90142822265625,179.22657775878906,178.90142822265625,1000000
2023-07-21,181.2706298828125,179.22657775878906,181.2706298828125,179.22657775878906,1000000
2023-07-24,182.01390075683594,181.2706298828125,182.01390075683594,181.2706298828125,1000000
2023-07-25,186.42723083496094,182.01390075683594,186.42723083496094,182.01390075683594,1000000
2023-07-26,187.30990600585938,186.42723083496094,187.30990600585938,186.42723083496094,1000000
2023-07-27,187.6350860595703,187.30990600585938,187.6350860595703,187.30990600585938,1000000
2023-07-28,195.114501953125,187.6350860595703,195.114501953125,187.6350860595703,1000000
2023-07-31,202.8726043701172,195.114501953125,202.8726043701172,195.114501953125,1000000
2023-08-01,209.1905975341797,202.8726043701172,209.1905975341797,202.8726043701172,1000000
2023-08-02,203.56944274902344,209.1905975341797,209.1905975341797,203.56944274902344,1000000
2023-08-03,204.49856567382812,203.56944274902344,204.49856567382812,203.56944274902344,1000000
2023-08-04,202.50094604492188,204.49856567382812,204.49856567382812,202.50094604492188,1000000
2023-08-07,202.50094604492188,202.50094604492188,202.50094604492188,202.50094604492188,1000000
2023-08-08,202.12930297851562,202.50094604492188,202.50094604492188,202.12930297851562,1000000
2023-08-09,203.1977996826172,202.12930297851562,203.1977996826172,202.12930297851562,1000000
2023-08-10,201.9899139404297,203.1977996826172,203.1977996826172,201.9899139404297,1000000
2023-08-11,200.67098999023438,201.9899139404297,201.9899139404297,200.67098999023438,1000000
2023-08-14,200.67098999023438,200.67098999023438,200.67098999023438,200.67098999023438,1000000
2023-08-16,204.8634033203125,200.67098999023438,204.8634033203125,200.67098999023438,1000000
2023-08-17,203.26177978515625,204.8634033203125,204.8634033203125,203.26177978515625,1000000
2023-08-18,202.696533203125,203.26177978515625,203.26177978515625,202.696533203125,1000000
2023-08-21,206.13526916503906,202.696533203125,206.13526916503906,202.696533203125,1000000
2023-08-22,208.86740112304688,206.13526916503906,208.86740112304688,206.13526916503906,1000000
2023-08-23,208.86740112304688,208.86740112304688,208.86740112304688,208.86740112304688,1000000
2023-08-24,208.0666046142578,208.86740112304688,208.86740112304688,208.0666046142578,1000000
2023-08-25,205.28732299804688,208.0666046142578,208.0666046142578,205.28732299804688,1000000
2023-08-28,206.04104614257812,205.28732299804688,206.04104614257812,205.28732299804688,1000000
2023-08-29,208.30213928222656,206.04104614257812,208.30213928222656,206.04104614257812,1000000
2023-08-30,207.6426544189453,208.30213928222656,208.30213928222656,207.6426544189453,1000000
2023-08-31,207.5484161376953,207.6426544189453,207.6426544189453,207.5484161376953,1000000
2023-09-01,217.34645080566406,207.5484161376953,217.34645080566406,207.5484161376953,1000000
2023-09-04,222.1512451171875,217.34645080566406,222.1512451171875,217.34645080566406,1000000
2023-09-05,221.02069091796875,222.1512451171875,222.1512451171875,221.02069091796875,1000000
2023-09-06,218.47698974609375,221.02069091796875,221.02069091796875,218.47698974609375,1000000
2023-09-07,220.54965209960938,218.47698974609375,220.54965209960938,218.47698974609375,1000000
2023-09-08,226.3436737060547,220.54965209960938,226.3436737060547,220.54965209960938,1000000
2023-09-11,229.02870178222656,226.3436737060547,229.02870178222656,226.3436737060547,1000000
2023-09-12,221.49176025390625,229.02870178222656,229.02870178222656,221.49176025390625,1000000
2023-09-13,223.42308044433594,221.49176025390625,223.42308044433594,221.49176025390625,1000000
2023-09-14,224.17678833007812,223.42308044433594,224.17678833007812,223.42308044433594,1000000
2023-09-15,222.528076171875,224.17678833007812,224.17678833007812,222.528076171875,1000000
2023-09-18,227.23867797851562,222.528076171875,227.23867797851562,222.528076171875,1000000
2023-09-20,227.7568359375,227.23867797851562,227.7568359375,227.23867797851562,1000000
2023-09-21,225.11891174316406,227.7568359375,227.7568359375,225.11891174316406,1000000
2023-09-22,224.17678833007812,225.11891174316406,225.11891174316406,224.17678833007812,1000000
2023-09-25,225.77838134765625,224.17678833007812,225.77838134765625,224.17678833007812,1000000
2023-09-26,226.29656982421875,225.77838134765625,226.29656982421875,225.77838134765625,1000000
2023-09-27,225.44866943359375,226.29656982421875,226.29656982421875,225.44866943359375,1000000
2023-09-28,223.32888793945312,225.44866943359375,225.44866943359375,223.32888793945312,1000000
2023-09-29,231.33689880371094,223.32888793945312,231.33689880371094,223.32888793945312,1000000
2023-10-03,227.23867797851562,231.33689880371094,231.33689880371094,227.23867797851562,1000000
2023-10-04,221.5388641357422,227.23867797851562,227.23867797851562,221.5388641357422,1000000
2023-10-05,220.3141326904297,221.5388641357422,221.5388641357422,220.3141326904297,1000000
2023-10-06,221.9157257080078,220.3141326904297,221.9157257080078,220.3141326904297,1000000
2023-10-09,221.1149139404297,221.9157257080078,221.9157257080078,221.1149139404297,1000000
2023-10-10,222.24545288085938,221.1149139404297,222.24545288085938,221.1149139404297,1000000
2023-10-11,224.88339233398438,222.24545288085938,224.88339233398438,222.24545288085938,1000000
2023-10-12,227.61553955078125,224.88339233398438,227.61553955078125,224.88339233398438,1000000
2023-10-13,228.03948974609375,227.61553955078125,228.03948974609375,227.61553955078125,1000000
2023-10-16,229.35845947265625,228.03948974609375,229.35845947265625,228.03948974609375,1000000
2023-10-17,231.71371459960938,229.35845947265625,231.71371459960938,229.35845947265625,1000000
2023-10-18,227.99237060546875,231.71371459960938,231.71371459960938,227.99237060546875,1000000
2023-10-19,225.6370849609375,227.99237060546875,227.99237060546875,225.6370849609375,1000000
2023-10-20,227.05026245117188,225.6370849609375,227.05026245117188,225.6370849609375,1000000
2023-10-23,222.8578338623047,227.05026245117188,227.05026245117188,222.8578338623047,1000000
2023-10-25,218.61831665039062,222.8578338623047,222.8578338623047,218.61831665039062,1000000
2023-10-26,218.241455078125,218.61831665039062,218.61831665039062,218.241455078125,1000000
2023-10-27,222.90493774414062,218.241455078125,222.90493774414062,218.241455078125,1000000
2023-10-30,221.02069091796875,222.90493774414062,222.90493774414062,221.02069091796875,1000000
2023-10-31,222.1512451171875,221.02069091796875,222.1512451171875,221.02069091796875,1000000
2023-11-01,219.13648986816406,222.1512451171875,222.1512451171875,219.13648986816406,1000000
2023-11-02,221.63307189941406,219.13648986816406,221.63307189941406,219.13648986816406,1000000
2023-11-03,222.917236328125,221.63307189941406,222.917236328125,221.63307189941406,1000000
2023-11-06,224.3440399169922,222.917236328125,224.3440399169922,222.917236328125,1000000
2023-11-07,227.48304748535156,224.3440399169922,227.48304748535156,224.3440399169922,1000000
2023-11-08,225.15255737304688,227.48304748535156,227.48304748535156,225.15255737304688,1000000
2023-11-09,226.34158325195312,225.15255737304688,226.34158325195312,225.15255737304688,1000000
2023-11-10,230.90740966796875,226.34158325195312,230.90740966796875,226.34158325195312,1000000
2023-11-13,233.7135009765625,230.90740966796875,233.7135009765625,230.90740966796875,1000000
2023-11-15,235.23544311523438,233.7135009765625,235.23544311523438,233.7135009765625,1000000
2023-11-16,240.03909301757812,235.23544311523438,240.03909301757812,235.23544311523438,1000000
2023-11-17,239.32568359375,240.03909301757812,240.03909301757812,239.32568359375,1000000
2023-11-20,238.80252075195312,239.32568359375,239.32568359375,238.80252075195312,1000000
2023-11-21,237.80374145507812,238.80252075195312,238.80252075195312,237.80374145507812,1000000
2023-11-22,241.27566528320312,237.80374145507812,241.27566528320312,237.80374145507812,1000000
2023-11-23,240.41957092285156,241.27566528320312,241.27566528320312,240.41957092285156,1000000
2023-11-24,241.5134735107422,240.41957092285156,241.5134735107422,240.41957092285156,1000000
2023-11-28,244.9853973388672,241.5134735107422,244.9853973388672,241.5134735107422,1000000
2023-11-29,245.79391479492188,244.9853973388672,245.79391479492188,244.9853973388672,1000000
2023-11-30,248.55242919921875,245.79391479492188,248.55242919921875,245.79391479492188,1000000
2023-12-01,255.8292694091797,248.55242919921875,255.8292694091797,248.55242919921875,1000000
2023-12-04,261.39385986328125,255.8292694091797,261.39385986328125,255.8292694091797,1000000
2023-12-05,271.5243225097656,261.39385986328125,271.5243225097656,261.39385986328125,1000000
2023-12-06,267.3865051269531,271.5243225097656,271.5243225097656,267.3865051269531,1000000
2023-12-07,269.9548034667969,267.3865051269531,269.9548034667969,267.3865051269531,1000000
2023-12-08,271.143798828125,269.9548034667969,271.143798828125,269.9548034667969,1000000
2023-12-11,273.2840270996094,271.143798828125,273.2840270996094,271.143798828125,1000000
2023-12-12,269.5743408203125,273.2840270996094,273.2840270996094,269.5743408203125,1000000
2023-12-13,279.7047424316406,269.5743408203125,279.7047424316406,269.5743408203125,1000000
2023-12-14,280.9888610839844,279.7047424316406,280.9888610839844,279.7047424316406,1000000
2023-12-15,290.2156982421875,280.9888610839844,290.2156982421875,280.9888610839844,1000000
2023-12-18,288.4083557128906,290.2156982421875,290.2156982421875,288.4083557128906,1000000
2023-12-19,294.543701171875,288.4083557128906,294.543701171875,288.4083557128906,1000000
2023-12-20,283.1291198730469,294.543701171875,294.543701171875,283.1291198730469,1000000
2023-12-21,287.2193603515625,283.1291198730469,287.2193603515625,283.1291198730469,1000000
2023-12-22,288.02789306640625,287.2193603515625,288.02789306640625,287.2193603515625,1000000
2023-12-26,294.4961853027344,288.02789306640625,294.4961853027344,288.02789306640625,1000000
2023-12-27,291.11932373046875,294.4961853027344,294.4961853027344,291.11932373046875,1000000
2023-12-28,298.58636474609375,291.11932373046875,298.58636474609375,291.11932373046875,1000000
2023-12-29,295.9704895019531,298.58636474609375,298.58636474609375,295.9704895019531,1000000
2024-01-01,294.6388244628906,295.9704895019531,295.9704895019531,294.6388244628906,1000000
2024-01-02,291.07177734375,294.6388244628906,294.6388244628906,291.07177734375,1000000
2024-01-03,291.26202392578125,291.07177734375,291.26202392578125,291.07177734375,1000000
2024-01-04,301.6302490234375,291.26202392578125,301.6302490234375,291.26202392578125,1000000
2024-01-05,299.5851745605469,301.6302490234375,301.6302490234375,299.5851745605469,1000000
2024-01-08,301.0119934082031,299.5851745605469,301.0119934082031,299.5851745605469,1000000
2024-01-09,304.15093994140625,301.0119934082031,304.15093994140625,301.0119934082031,1000000
2024-01-10,298.063232421875,304.15093994140625,304.15093994140625,298.063232421875,1000000
2024-01-11,297.6351623535156,298.063232421875,298.063232421875,297.6351623535156,1000000
2024-01-12,297.3973083496094,297.6351623535156,297.6351623535156,297.3973083496094,1000000
2024-01-15,301.8204650878906,297.3973083496094,301.8204650878906,297.3973083496094,1000000
2024-01-16,296.3034362792969,301.8204650878906,301.8204650878906,296.3034362792969,1000000
2024-01-17,294.21075439453125,296.3034362792969,296.3034362792969,294.21075439453125,1000000
2024-01-18,284.6986083984375,294.21075439453125,294.21075439453125,284.6986083984375,1000000
2024-01-19,293.4022521972656,284.6986083984375,293.4022521972656,284.6986083984375,1000000
2024-01-23,287.8376770019531,293.4022521972656,293.4022521972656,287.8376770019531,1000000
2024-01-24,293.78271484375,287.8376770019531,293.78271484375,287.8376770019531,1000000
2024-01-25,299.3949279785156,293.78271484375,299.3949279785156,293.78271484375,1000000
2024-01-29,308.716796875,299.3949279785156,308.716796875,299.3949279785156,1000000
2024-01-30,300.0607604980469,308.716796875,308.716796875,300.0607604980469,1000000
2024-01-31,302.0107421875,300.0607604980469,302.0107421875,300.0607604980469,1000000
2024-02-01,306.2912292480469,302.0107421875,306.2912292480469,302.0107421875,1000000
2024-02-02,316.2789611816406,306.2912292480469,316.2789611816406,306.2912292480469,1000000
2024-02-05,319.70330810546875,316.2789611816406,319.70330810546875,316.2789611816406,1000000
2024-02-06,321.0000305175781,319.70330810546875,321.0000305175781,319.70330810546875,1000000
2024-02-07,317.6382751464844,321.0000305175781,321.0000305175781,317.6382751464844,1000000
2024-02-08,317.8303527832031,317.6382751464844,317.8303527832031,317.6382751464844,1000000
2024-02-09,312.06732177734375,317.8303527832031,317.8303527832031,312.06732177734375,1000000
2024-02-12,303.6629333496094,312.06732177734375,312.06732177734375,303.6629333496094,1000000
2024-02-13,308.8496398925781,303.6629333496094,308.8496398925781,303.6629333496094,1000000
2024-02-14,315.044921875,308.8496398925781,315.044921875,308.8496398925781,1000000
2024-02-15,325.8505554199219,315.044921875,325.8505554199219,315.044921875,1000000
2024-02-16,324.4098205566406,325.8505554199219,325.8505554199219,324.4098205566406,1000000
2024-02-19,325.3702697753906,324.4098205566406,325.3702697753906,324.4098205566406,1000000
2024-02-20,332.0458068847656,325.3702697753906,332.0458068847656,325.3702697753906,1000000
2024-02-21,322.824951171875,332.0458068847656,332.0458068847656,322.824951171875,1000000
2024-02-22,326.138671875,322.824951171875,326.138671875,322.824951171875,1000000
2024-02-23,324.4098205566406,326.138671875,326.138671875,324.4098205566406,1000000
2024-02-26,324.2657165527344,324.4098205566406,324.4098205566406,324.2657165527344,1000000
2024-02-27,322.824951171875,324.2657165527344,324.2657165527344,322.824951171875,1000000
2024-02-28,320.1355285644531,322.824951171875,322.824951171875,320.1355285644531,1000000
2024-02-29,322.3447265625,320.1355285644531,322.3447265625,320.1355285644531,1000000
2024-03-01,329.9327087402344,322.3447265625,329.9327087402344,322.3447265625,1000000
2024-03-04,339.8739013671875,329.9327087402344,339.8739013671875,329.9327087402344,1000000
2024-03-05,344.1001281738281,339.8739013671875,344.1001281738281,339.8739013671875,1000000
2024-03-06,338.0489501953125,344.1001281738281,344.1001281738281,338.0489501953125,1000000
2024-03-07,338.2890930175781,338.0489501953125,338.2890930175781,338.0489501953125,1000000
2024-03-11,334.2069396972656,338.2890930175781,338.2890930175781,334.2069396972656,1000000
2024-03-12,331.13330078125,334.2069396972656,334.2069396972656,331.13330078125,1000000
2024-03-13,309.76214599609375,331.13330078125,331.13330078125,309.76214599609375,1000000
2024-03-14,309.1378173828125,309.76214599609375,309.76214599609375,309.1378173828125,1000000
2024-03-15,303.8070068359375,309.1378173828125,309.1378173828125,303.8070068359375,1000000
2024-03-18,304.6234130859375,303.8070068359375,304.6234130859375,303.8070068359375,1000000
2024-03-19,301.0696105957031,304.6234130859375,304.6234130859375,301.0696105957031,1000000
2024-03-20,301.26165771484375,301.0696105957031,301.26165771484375,301.0696105957031,1000000
2024-03-21,312.16339111328125,301.26165771484375,312.16339111328125,301.26165771484375,1000000
2024-03-22,311.9232482910156,312.16339111328125,312.16339111328125,311.9232482910156,1000000
2024-03-26,316.1014709472656,311.9232482910156,316.1014709472656,311.9232482910156,1000000
2024-03-27,318.5027160644531,316.1014709472656,318.5027160644531,316.1014709472656,1000000
2024-03-28,322.53680419921875,318.5027160644531,322.53680419921875,318.5027160644531,1000000
2024-04-01,328.8280944824219,322.53680419921875,328.8280944824219,322.53680419921875,1000000
2024-04-02,331.1813049316406,328.8280944824219,331.1813049316406,328.8280944824219,1000000
2024-04-03,337.3765869140625,331.1813049316406,337.3765869140625,331.1813049316406,1000000
2024-04-04,340.6423034667969,337.3765869140625,340.6423034667969,337.3765869140625,1000000
2024-04-05,340.54620361328125,340.6423034667969,340.6423034667969,340.54620361328125,1000000
2024-04-08,349.14276123046875,340.54620361328125,349.14276123046875,340.54620361328125,1000000
2024-04-09,348.56646728515625,349.14276123046875,349.14276123046875,348.56646728515625,1000000
2024-04-10,348.1822509765625,348.56646728515625,348.56646728515625,348.1822509765625,1000000
2024-04-12,347.4618835449219,348.1822509765625,348.1822509765625,347.4618835449219,1000000
2024-04-15,346.8855895996094,347.4618835449219,347.4618835449219,346.8855895996094,1000000
2024-04-16,345.0606384277344,346.8855895996094,346.8855895996094,345.0606384277344,1000000
2024-04-18,337.280517578125,345.0606384277344,345.0606384277344,337.280517578125,1000000
2024-04-19,336.7042236328125,337.280517578125,337.280517578125,336.7042236328125,1000000
2024-04-22,329.35638427734375,336.7042236328125,336.7042236328125,329.35638427734375,1000000
2024-04-23,333.43853759765625,329.35638427734375,333.43853759765625,329.35638427734375,1000000
2024-04-24,337.76080322265625,333.43853759765625,337.76080322265625,333.43853759765625,1000000
2024-04-25,345.0126037597656,337.76080322265625,345.0126037597656,337.76080322265625,1000000
2024-04-26,341.93896484375,345.0126037597656,345.0126037597656,341.93896484375,1000000
2024-04-29,348.6624755859375,341.93896484375,348.6624755859375,341.93896484375,1000000
2024-04-30,348.8545837402344,348.6624755859375,348.8545837402344,348.6624755859375,1000000
2024-05-02,354.4734802246094,348.8545837402344,354.4734802246094,348.8545837402344,1000000
2024-05-03,350.53546142578125,354.4734802246094,354.4734802246094,350.53546142578125,1000000
2024-05-06,342.7073669433594,350.53546142578125,350.53546142578125,342.7073669433594,1000000
2024-05-07,335.3594970703125,342.7073669433594,342.7073669433594,335.3594970703125,1000000
2024-05-08,341.41070556640625,335.3594970703125,341.41070556640625,335.3594970703125,1000000
2024-05-09,332.3819580078125,341.41070556640625,341.41070556640625,332.3819580078125,1000000
2024-05-10,341.4587097167969,332.3819580078125,341.4587097167969,332.3819580078125,1000000
2024-05-13,337.0403747558594,341.4587097167969,341.4587097167969,337.0403747558594,1000000
2024-05-14,341.7468566894531,337.0403747558594,341.7468566894531,337.0403747558594,1000000
2024-05-15,347.07763671875,341.7468566894531,347.07763671875,341.7468566894531,1000000
2024-05-16,347.1737060546875,347.07763671875,347.1737060546875,347.07763671875,1000000
2024-05-17,351.0157165527344,347.1737060546875,351.0157165527344,347.1737060546875,1000000
2024-05-21,357.3070068359375,351.0157165527344,357.3070068359375,351.0157165527344,1000000
2024-05-22,359.083984375,357.3070068359375,359.083984375,357.3070068359375,1000000
2024-05-23,357.5951843261719,359.083984375,359.083984375,357.5951843261719,1000000
2024-05-24,360.1405334472656,357.5951843261719,360.1405334472656,357.5951843261719,1000000
2024-05-27,355.0498352050781,360.1405334472656,360.1405334472656,355.0498352050781,1000000
2024-05-28,350.96771240234375,355.0498352050781,355.0498352050781,350.96771240234375,1000000
2024-05-29,350.1993103027344,350.96771240234375,350.96771240234375,350.1993103027344,1000000
2024-05-30,345.4928283691406,350.1993103027344,350.1993103027344,345.4928283691406,1000000
2024-05-31,344.82049560546875,345.4928283691406,345.4928283691406,344.82049560546875,1000000
2024-06-03,376.3249206542969,344.82049560546875,376.3249206542969,344.82049560546875,1000000
2024-06-04,318.1665344238281,376.3249206542969,376.3249206542969,318.1665344238281,1000000
2024-06-05,327.5314025878906,318.1665344238281,327.5314025878906,318.1665344238281,1000000
2024-06-06,335.9358215332031,327.5314025878906,335.9358215332031,327.5314025878906,1000000
2024-06-07,346.35723876953125,335.9358215332031,346.35723876953125,335.9358215332031,1000000
2024-06-10,350.4874267578125,346.35723876953125,350.4874267578125,346.35723876953125,1000000
2024-06-11,352.888671875,350.4874267578125,352.888671875,350.4874267578125,1000000
2024-06-12,356.6346740722656,352.888671875,356.6346740722656,352.888671875,1000000
2024-06-13,355.33795166015625,356.6346740722656,356.6346740722656,355.33795166015625,1000000
2024-06-14,353.897216796875,355.33795166015625,355.33795166015625,353.897216796875,1000000
2024-06-18,355.0498352050781,353.897216796875,355.0498352050781,353.897216796875,1000000
2024-06-19,348.1822509765625,355.0498352050781,355.0498352050781,348.1822509765625,1000000
2024-06-20,343.5238037109375,348.1822509765625,348.1822509765625,343.5238037109375,1000000
2024-06-21,345.5888366699219,343.5238037109375,345.5888366699219,343.5238037109375,1000000
2024-06-24,348.42236328125,345.5888366699219,348.42236328125,345.5888366699219,1000000
2024-06-25,346.597412109375,348.42236328125,348.42236328125,346.597412109375,1000000
2024-06-26,350.63153076171875,346.597412109375,350.63153076171875,346.597412109375,1000000
2024-06-27,362.25360107421875,350.63153076171875,362.25360107421875,350.63153076171875,1000000
2024-06-28,363.40625,362.25360107421875,363.40625,362.25360107421875,1000000
2024-07-01,355.1458740234375,363.40625,363.40625,355.1458740234375,1000000
2024-07-02,355.7702331542969,355.1458740234375,355.7702331542969,355.1458740234375,1000000
2024-07-03,357.93133544921875,355.7702331542969,357.93133544921875,355.7702331542969,1000000
2024-07-04,358.2195129394531,357.93133544921875,358.2195129394531,357.93133544921875,1000000
2024-07-05,364.79888916015625,358.2195129394531,364.79888916015625,358.2195129394531,1000000
2024-07-08,362.5417785644531,364.79888916015625,364.79888916015625,362.5417785644531,1000000
2024-07-09,362.15753173828125,362.5417785644531,362.5417785644531,362.15753173828125,1000000
2024-07-10,366.3357238769531,362.15753173828125,366.3357238769531,362.15753173828125,1000000
2024-07-11,362.2055358886719,366.3357238769531,366.3357238769531,362.2055358886719,1000000
2024-07-12,362.25360107421875,362.2055358886719,362.25360107421875,362.2055358886719,1000000
2024-07-15,370.4178466796875,362.25360107421875,370.4178466796875,362.25360107421875,1000000
2024-07-16,365.4232482910156,370.4178466796875,370.4178466796875,365.4232482910156,1000000
2024-07-18,362.82989501953125,365.4232482910156,365.4232482910156,362.82989501953125,1000000
2024-07-19,350.247314453125,362.82989501953125,362.82989501953125,350.247314453125,1000000
2024-07-22,358.7477722167969,350.247314453125,358.7477722167969,350.247314453125,1000000
2024-07-23,367.34429931640625,358.7477722167969,367.34429931640625,358.7477722167969,1000000
2024-07-24,377.0933837890625,367.34429931640625,377.0933837890625,367.34429931640625,1000000
2024-07-25,376.6611633300781,377.0933837890625,377.0933837890625,376.6611633300781,1000000
2024-07-26,380.6471862792969,376.6611633300781,380.6471862792969,376.6611633300781,1000000
2024-07-29,378.342041015625,380.6471862792969,380.6471862792969,378.342041015625,1000000
2024-07-30,390.8766174316406,378.342041015625,390.8766174316406,378.342041015625,1000000
2024-07-31,399.569091796875,390.8766174316406,399.569091796875,390.8766174316406,1000000
2024-08-01,406.72491455078125,399.569091796875,406.72491455078125,399.569091796875,1000000
2024-08-02,403.1230163574219,406.72491455078125,406.72491455078125,403.1230163574219,1000000
2024-08-05,396.9277648925781,403.1230163574219,403.1230163574219,396.9277648925781,1000000
2024-08-06,398.6086120605469,396.9277648925781,398.6086120605469,396.9277648925781,1000000
2024-08-07,403.01336669921875,398.6086120605469,403.01336669921875,398.6086120605469,1000000
2024-08-08,394.68792724609375,403.01336669921875,403.01336669921875,394.68792724609375,1000000
2024-08-09,397.5437316894531,394.68792724609375,397.5437316894531,394.68792724609375,1000000
2024-08-12,388.0565490722656,397.5437316894531,397.5437316894531,388.0565490722656,1000000
2024-08-13,383.5549011230469,388.0565490722656,388.0565490722656,383.5549011230469,1000000
2024-08-14,383.70013427734375,383.5549011230469,383.70013427734375,383.5549011230469,1000000
2024-08-16,385.3458557128906,383.70013427734375,385.3458557128906,383.70013427734375,1000000
2024-08-19,390.2347106933594,385.3458557128906,390.2347106933594,385.3458557128906,1000000
2024-08-20,393.2841796875,390.2347106933594,393.2841796875,390.2347106933594,1000000
2024-08-21,395.8979797363281,393.2841796875,395.8979797363281,393.2841796875,1000000
2024-08-22,390.47674560546875,395.8979797363281,395.8979797363281,390.47674560546875,1000000
2024-08-23,389.1214294433594,390.47674560546875,390.47674560546875,389.1214294433594,1000000
2024-08-26,401.6097106933594,389.1214294433594,401.6097106933594,389.1214294433594,1000000
2024-08-27,396.5756530761719,401.6097106933594,401.6097106933594,396.5756530761719,1000000
2024-08-28,395.9947814941406,396.5756530761719,396.5756530761719,395.9947814941406,1000000
2024-08-29,396.8176574707031,395.9947814941406,396.8176574707031,395.9947814941406,1000000
2024-08-30,402.9165954589844,396.8176574707031,402.9165954589844,396.8176574707031,1000000
2024-09-02,396.9144592285156,402.9165954589844,402.9165954589844,396.9144592285156,1000000
2024-09-03,393.42938232421875,396.9144592285156,396.9144592285156,393.42938232421875,1000000
2024-09-04,392.1708984375,393.42938232421875,393.42938232421875,392.1708984375,1000000
2024-09-05,390.3799133300781,392.1708984375,392.1708984375,390.3799133300781,1000000
2024-09-06,382.1996154785156,390.3799133300781,390.3799133300781,382.1996154785156,1000000
2024-09-09,377.4075622558594,382.1996154785156,382.1996154785156,377.4075622558594,1000000
2024-09-10,383.6517028808594,377.4075622558594,383.6517028808594,377.4075622558594,1000000
2024-09-11,377.2139587402344,383.6517028808594,383.6517028808594,377.2139587402344,1000000
2024-09-12,391.9288330078125,377.2139587402344,391.9288330078125,377.2139587402344,1000000
2024-09-13,388.5889587402344,391.9288330078125,391.9288330078125,388.5889587402344,1000000
2024-09-16,397.9793701171875,388.5889587402344,397.9793701171875,388.5889587402344,1000000
2024-09-17,403.01336669921875,397.9793701171875,403.01336669921875,397.9793701171875,1000000
2024-09-18,400.9320373535156,403.01336669921875,403.01336669921875,400.9320373535156,1000000
2024-09-19,410.41925048828125,400.9320373535156,410.41925048828125,400.9320373535156,1000000
2024-09-20,410.41925048828125,410.41925048828125,410.41925048828125,410.41925048828125,1000000
2024-09-23,414.6788024902344,410.41925048828125,414.6788024902344,410.41925048828125,1000000
2024-09-24,414.4367980957031,414.6788024902344,414.6788024902344,414.4367980957031,1000000
2024-09-25,422.18145751953125,414.4367980957031,422.18145751953125,414.4367980957031,1000000
2024-09-26,420.7293395996094,422.18145751953125,422.18145751953125,420.7293395996094,1000000
2024-09-27,422.9559326171875,420.7293395996094,422.9559326171875,420.7293395996094,1000000
2024-09-30,429.0549011230469,422.9559326171875,429.0549011230469,422.9559326171875,1000000
2024-10-01,426.0538635253906,429.0549011230469,429.0549011230469,426.0538635253906,1000000
2024-10-03,421.4554138183594,426.0538635253906,426.0538635253906,421.4554138183594,1000000
2024-10-04,416.71185302734375,421.4554138183594,421.4554138183594,416.71185302734375,1000000
2024-10-07,402.1905517578125,416.71185302734375,416.71185302734375,402.1905517578125,1000000
2024-10-08,407.5150451660156,402.1905517578125,407.5150451660156,402.1905517578125,1000000
2024-10-09,405.09478759765625,407.5150451660156,407.5150451660156,405.09478759765625,1000000
2024-10-10,409.2091979980469,405.09478759765625,409.2091979980469,405.09478759765625,1000000
2024-10-11,409.01556396484375,409.2091979980469,409.2091979980469,409.01556396484375,1000000
2024-10-14,410.95172119140625,409.01556396484375,410.95172119140625,409.01556396484375,1000000
2024-10-15,412.98468017578125,410.95172119140625,412.98468017578125,410.95172119140625,1000000
2024-10-16,410.7096862792969,412.98468017578125,412.98468017578125,410.7096862792969,1000000
2024-10-17,404.4171142578125,410.7096862792969,410.7096862792969,404.4171142578125,1000000
2024-10-18,411.3873291015625,404.4171142578125,411.3873291015625,404.4171142578125,1000000
2024-10-21,411.43572998046875,411.3873291015625,411.43572998046875,411.3873291015625,1000000
2024-10-22,402.4809875488281,411.43572998046875,411.43572998046875,402.4809875488281,1000000
2024-10-23,395.2687072753906,402.4809875488281,402.4809875488281,395.2687072753906,1000000
2024-10-24,398.7538146972656,395.2687072753906,398.7538146972656,395.2687072753906,1000000
2024-10-25,386.1687316894531,398.7538146972656,398.7538146972656,386.1687316894531,1000000
2024-10-28,391.0091552734375,386.1687316894531,391.0091552734375,386.1687316894531,1000000
2024-10-29,398.9958801269531,391.0091552734375,398.9958801269531,391.0091552734375,1000000
2024-10-30,395.46234130859375,398.9958801269531,398.9958801269531,395.46234130859375,1000000
2024-10-31,397.5565490722656,395.46234130859375,397.5565490722656,395.46234130859375,1000000
2024-11-01,400.6734924316406,397.5565490722656,400.6734924316406,397.5565490722656,1000000
2024-11-04,390.54345703125,400.6734924316406,400.6734924316406,390.54345703125,1000000
2024-11-05,392.63763427734375,390.54345703125,392.63763427734375,390.54345703125,1000000
2024-11-06,398.287109375,392.63763427734375,398.287109375,392.63763427734375,1000000
2024-11-07,393.3194580078125,398.287109375,398.287109375,393.3194580078125,1000000
2024-11-08,387.3290710449219,393.3194580078125,393.3194580078125,387.3290710449219,1000000
2024-11-11,382.3614196777344,387.3290710449219,387.3290710449219,382.3614196777344,1000000
2024-11-12,370.42938232421875,382.3614196777344,382.3614196777344,370.42938232421875,1000000
2024-11-13,371.4521484375,370.42938232421875,371.4521484375,370.42938232421875,1000000
2024-11-14,362.83184814453125,371.4521484375,371.4521484375,362.83184814453125,1000000
2024-11-18,357.182373046875,362.83184814453125,362.83184814453125,357.182373046875,1000000
2024-11-19,357.182373046875,357.182373046875,357.182373046875,357.182373046875,1000000
2024-11-21,346.9062194824219,357.182373046875,357.182373046875,346.9062194824219,1000000
2024-11-22,355.96484375,346.9062194824219,355.96484375,346.9062194824219,1000000
2024-11-25,358.8382873535156,355.96484375,358.8382873535156,355.96484375,1000000
2024-11-26,352.2634582519531,358.8382873535156,358.8382873535156,352.2634582519531,1000000
2024-11-27,359.71490478515625,352.2634582519531,359.71490478515625,352.2634582519531,1000000
2024-11-28,352.653076171875,359.71490478515625,359.71490478515625,352.653076171875,1000000
2024-11-29,354.2115478515625,352.653076171875,354.2115478515625,352.653076171875,1000000
2024-12-02,348.90301513671875,354.2115478515625,354.2115478515625,348.90301513671875,1000000
2024-12-03,357.9129638671875,348.90301513671875,357.9129638671875,348.90301513671875,1000000
2024-12-04,363.07537841796875,357.9129638671875,363.07537841796875,357.9129638671875,1000000
2024-12-05,359.56878662109375,363.07537841796875,363.07537841796875,359.56878662109375,1000000
2024-12-06,359.9096984863281,359.56878662109375,359.9096984863281,359.56878662109375,1000000
2024-12-09,360.2506408691406,359.9096984863281,360.2506408691406,359.9096984863281,1000000
2024-12-10,359.56878662109375,360.2506408691406,360.2506408691406,359.56878662109375,1000000
2024-12-11,356.0135498046875,359.56878662109375,359.56878662109375,356.0135498046875,1000000
2024-12-12,346.3705139160156,356.0135498046875,356.0135498046875,346.3705139160156,1000000
2024-12-13,347.8802490234375,346.3705139160156,347.8802490234375,346.3705139160156,1000000
2024-12-16,343.74053955078125,347.8802490234375,347.8802490234375,343.74053955078125,1000000
2024-12-17,339.990478515625,343.74053955078125,343.74053955078125,339.990478515625,1000000
2024-12-18,332.87994384765625,339.990478515625,339.990478515625,332.87994384765625,1000000
2024-12-19,328.6428527832031,332.87994384765625,332.87994384765625,328.6428527832031,1000000
2024-12-20,324.6005859375,328.6428527832031,328.6428527832031,324.6005859375,1000000
2024-12-23,324.99017333984375,324.6005859375,324.99017333984375,324.6005859375,1000000
2024-12-24,326.59735107421875,324.99017333984375,326.59735107421875,324.99017333984375,1000000
2024-12-26,325.9642333984375,326.59735107421875,326.59735107421875,325.9642333984375,1000000
2024-12-27,326.3051452636719,325.9642333984375,326.3051452636719,325.9642333984375,1000000
2024-12-30,322.7986145019531,326.3051452636719,326.3051452636719,322.7986145019531,1000000
2024-12-31,324.697998046875,322.7986145019531,324.697998046875,322.7986145019531,1000000
2025-01-01,324.99017333984375,324.697998046875,324.99017333984375,324.697998046875,1000000
2025-01-02,329.227294921875,324.99017333984375,329.227294921875,324.99017333984375,1000000
2025-01-03,331.029296875,329.227294921875,331.029296875,329.227294921875,1000000
2025-01-06,318.99981689453125,331.029296875,331.029296875,318.99981689453125,1000000
2025-01-07,320.0712585449219,318.99981689453125,320.0712585449219,318.99981689453125,1000000
2025-01-08,316.9543151855469,320.0712585449219,320.0712585449219,316.9543151855469,1000000
2025-01-09,312.035400390625,316.9543151855469,316.9543151855469,312.035400390625,1000000
2025-01-10,300.24945068359375,312.035400390625,312.035400390625,300.24945068359375,1000000
2025-01-13,290.46026611328125,300.24945068359375,300.24945068359375,290.46026611328125,1000000
2025-01-14,302.3436279296875,290.46026611328125,302.3436279296875,290.46026611328125,1000000
2025-01-15,313.0094299316406,302.3436279296875,313.0094299316406,302.3436279296875,1000000
2025-01-16,317.0517272949219,313.0094299316406,317.0517272949219,313.0094299316406,1000000
2025-01-17,317.6848449707031,317.0517272949219,317.6848449707031,317.0517272949219,1000000
2025-01-20,327.3279113769531,317.6848449707031,327.3279113769531,317.6848449707031,1000000
2025-01-21,315.8828430175781,327.3279113769531,327.3279113769531,315.8828430175781,1000000
2025-01-22,314.03216552734375,315.8828430175781,315.8828430175781,314.03216552734375,1000000
2025-01-23,315.249755859375,314.03216552734375,315.249755859375,314.03216552734375,1000000
2025-01-24,315.249755859375,315.249755859375,315.249755859375,315.249755859375,1000000
2025-01-27,313.83740234375,315.249755859375,315.249755859375,313.83740234375,1000000
2025-01-28,309.9898986816406,313.83740234375,313.83740234375,309.9898986816406,1000000
2025-01-29,312.91204833984375,309.9898986816406,312.91204833984375,309.9898986816406,1000000
2025-01-30,314.6166076660156,312.91204833984375,314.6166076660156,312.91204833984375,1000000
2025-01-31,318.0523681640625,314.6166076660156,318.0523681640625,314.6166076660156,1000000
2025-02-01,311.8680419921875,318.0523681640625,318.0523681640625,311.8680419921875,1000000
2025-02-03,305.5364074707031,311.8680419921875,311.8680419921875,305.5364074707031,1000000
2025-02-04,313.2423400878906,305.5364074707031,313.2423400878906,305.5364074707031,1000000
2025-02-05,313.733154296875,313.2423400878906,313.733154296875,313.2423400878906,1000000
2025-02-06,307.0579528808594,313.733154296875,313.733154296875,307.0579528808594,1000000
2025-02-07,311.1318054199219,307.0579528808594,311.1318054199219,307.0579528808594,1000000
2025-02-10,304.8001708984375,311.1318054199219,311.1318054199219,304.8001708984375,1000000
2025-02-11,299.9901428222656,304.8001708984375,304.8001708984375,299.9901428222656,1000000
2025-02-12,300.6282043457031,299.9901428222656,300.6282043457031,299.9901428222656,1000000
2025-02-13,301.0699768066406,300.6282043457031,301.0699768066406,300.6282043457031,1000000
2025-02-14,294.8365173339844,301.0699768066406,301.0699768066406,294.8365173339844,1000000
2025-02-17,296.7998046875,294.8365173339844,296.7998046875,294.8365173339844,1000000
2025-02-18,305.4873352050781,296.7998046875,305.4873352050781,296.7998046875,1000000
2025-02-19,309.021240234375,305.4873352050781,309.021240234375,305.4873352050781,1000000
2025-02-20,319.1812744140625,309.021240234375,319.1812744140625,309.021240234375,1000000
2025-02-21,320.26104736328125,319.1812744140625,320.26104736328125,319.1812744140625,1000000
2025-02-24,314.2239685058594,320.26104736328125,320.26104736328125,314.2239685058594,1000000
2025-02-25,312.84967041015625,314.2239685058594,314.2239685058594,312.84967041015625,1000000
2025-02-27,309.9047546386719,312.84967041015625,312.84967041015625,309.9047546386719,1000000
2025-02-28,305.7327575683594,309.9047546386719,309.9047546386719,305.7327575683594,1000000
2025-03-03,308.6285705566406,305.7327575683594,308.6285705566406,305.7327575683594,1000000
2025-03-04,307.99053955078125,308.6285705566406,308.6285705566406,307.99053955078125,1000000
2025-03-05,320.2120056152344,307.99053955078125,320.2120056152344,307.99053955078125,1000000
2025-03-06,331.6971740722656,320.2120056152344,331.6971740722656,320.2120056152344,1000000
2025-03-07,323.50048828125,331.6971740722656,331.6971740722656,323.50048828125,1000000
2025-03-10,323.3532409667969,323.50048828125,323.50048828125,323.3532409667969,1000000
2025-03-11,324.2366943359375,323.3532409667969,324.2366943359375,323.3532409667969,1000000
2025-03-12,324.0894470214844,324.2366943359375,324.2366943359375,324.0894470214844,1000000
2025-03-13,325.8073425292969,324.0894470214844,325.8073425292969,324.0894470214844,1000000
2025-03-17,325.56195068359375,325.8073425292969,325.8073425292969,325.56195068359375,1000000
2025-03-18,325.56195068359375,325.56195068359375,325.56195068359375,325.56195068359375,1000000
2025-03-19,335.0347900390625,325.56195068359375,335.0347900390625,325.56195068359375,1000000
2025-03-20,335.4765319824219,335.0347900390625,335.4765319824219,335.0347900390625,1000000
2025-03-21,344.8512268066406,335.4765319824219,344.8512268066406,335.4765319824219,1000000
2025-03-24,360.2139587402344,344.8512268066406,360.2139587402344,344.8512268066406,1000000
2025-03-25,360.2139587402344,360.2139587402344,360.2139587402344,360.2139587402344,1000000
2025-03-26,348.1397399902344,360.2139587402344,360.2139587402344,348.1397399902344,1000000
2025-03-27,354.02960205078125,348.1397399902344,354.02960205078125,348.1397399902344,1000000
2025-03-28,351.03558349609375,354.02960205078125,354.02960205078125,351.03558349609375,1000000
2025-04-01,345.68560791015625,351.03558349609375,351.03558349609375,345.68560791015625,1000000
2025-04-02,345.29296875,345.68560791015625,345.68560791015625,345.29296875,1000000
2025-04-03,352.31170654296875,345.29296875,352.31170654296875,345.29296875,1000000
2025-04-04,343.9677429199219,352.31170654296875,352.31170654296875,343.9677429199219,1000000
2025-04-07,343.3787536621094,343.9677429199219,343.9677429199219,343.3787536621094,1000000
2025-04-08,346.470947265625,343.3787536621094,346.470947265625,343.3787536621094,1000000
2025-04-09,342.9370422363281,346.470947265625,346.470947265625,342.9370422363281,1000000
2025-04-11,353.48968505859375,342.9370422363281,353.48968505859375,342.9370422363281,1000000
2025-04-15,355.8456115722656,353.48968505859375,355.8456115722656,353.48968505859375,1000000
2025-04-16,352.7043762207031,355.8456115722656,355.8456115722656,352.7043762207031,1000000
2025-04-17,357.3180847167969,352.7043762207031,357.3180847167969,352.7043762207031,1000000
2025-04-21,357.8580017089844,357.3180847167969,357.8580017089844,357.3180847167969,1000000
2025-04-22,353.6369323730469,357.8580017089844,357.8580017089844,353.6369323730469,1000000
2025-04-23,357.12176513671875,353.6369323730469,357.12176513671875,353.6369323730469,1000000
2025-04-24,356.53277587890625,357.12176513671875,357.12176513671875,356.53277587890625,1000000
2025-04-25,349.9067077636719,356.53277587890625,356.53277587890625,349.9067077636719,1000000
2025-04-28,354.8639831542969,349.9067077636719,354.8639831542969,349.9067077636719,1000000
2025-04-29,350.39752197265625,354.8639831542969,354.8639831542969,350.39752197265625,1000000
2025-04-30,348.0415344238281,350.39752197265625,350.39752197265625,348.0415344238281,1000000
2025-05-02,342.2989501953125,348.0415344238281,348.0415344238281,342.2989501953125,1000000
2025-05-05,342.2008056640625,342.2989501953125,342.2989501953125,342.2008056640625,1000000
2025-05-06,335.5256042480469,342.2008056640625,342.2008056640625,335.5256042480469,1000000
2025-05-07,335.7710266113281,335.5256042480469,335.7710266113281,335.5256042480469,1000000
2025-05-08,333.7586669921875,335.7710266113281,335.7710266113281,333.7586669921875,1000000
2025-05-09,328.6050109863281,333.7586669921875,333.7586669921875,328.6050109863281,1000000
2025-05-12,342.15167236328125,328.6050109863281,342.15167236328125,328.6050109863281,1000000
2025-05-13,335.2311096191406,342.15167236328125,342.15167236328125,335.2311096191406,1000000
2025-05-14,332.33526611328125,335.2311096191406,335.2311096191406,332.33526611328125,1000000
2025-05-15,335.6728820800781,332.33526611328125,335.6728820800781,332.33526611328125,1000000
2025-05-16,336.8017578125,335.6728820800781,336.8017578125,335.6728820800781,1000000
2025-05-19,338.8141174316406,336.8017578125,338.8141174316406,336.8017578125,1000000
2025-05-20,336.3109436035156,338.8141174316406,338.8141174316406,336.3109436035156,1000000
2025-05-21,339.7957763671875,336.3109436035156,339.7957763671875,336.3109436035156,1000000
2025-05-22,335.1329650878906,339.7957763671875,339.7957763671875,335.1329650878906,1000000
2025-05-23,338.27423095703125,335.1329650878906,338.27423095703125,335.1329650878906,1000000
2025-05-26,337.1944274902344,338.27423095703125,338.27423095703125,337.1944274902344,1000000
2025-05-27,332.33526611328125,337.1944274902344,337.1944274902344,332.33526611328125,1000000
2025-05-28,333.8077087402344,332.33526611328125,333.8077087402344,332.33526611328125,1000000
2025-05-29,333.1205749511719,333.8077087402344,333.8077087402344,333.1205749511719,1000000
2025-05-30,327.7706298828125,333.1205749511719,333.1205749511719,327.7706298828125,1000000
2025-06-02,326.4454040527344,327.7706298828125,327.7706298828125,326.4454040527344,1000000
2025-06-03,322.224365234375,326.4454040527344,326.4454040527344,322.224365234375,1000000
2025-06-04,323.20599365234375,322.224365234375,323.20599365234375,322.224365234375,1000000
2025-06-05,322.61700439453125,323.20599365234375,323.20599365234375,322.61700439453125,1000000
2025-06-06,326.73992919921875,322.61700439453125,326.73992919921875,322.61700439453125,1000000
2025-06-09,330.9118957519531,326.73992919921875,330.9118957519531,326.73992919921875,1000000
2025-06-10,332.9733581542969,330.9118957519531,332.9733581542969,330.9118957519531,1000000
2025-06-11,331.8935241699219,332.9733581542969,332.9733581542969,331.8935241699219,1000000
2025-06-12,327.5743103027344,331.8935241699219,331.8935241699219,327.5743103027344,1000000
2025-06-13,325.8564453125,327.5743103027344,327.5743103027344,325.8564453125,1000000
2025-06-16,327.5743103027344,325.8564453125,327.5743103027344,325.8564453125,1000000
2025-06-17,329.0467834472656,327.5743103027344,329.0467834472656,327.5743103027344,1000000
2025-06-18,326.2981872558594,329.0467834472656,329.0467834472656,326.2981872558594,1000000
2025-06-19,323.9913024902344,326.2981872558594,326.2981872558594,323.9913024902344,1000000
2025-06-20,329.0467834472656,323.9913024902344,329.0467834472656,323.9913024902344,1000000
2025-06-23,326.4945068359375,329.0467834472656,329.0467834472656,326.4945068359375,1000000
2025-06-24,323.8931579589844,326.4945068359375,326.4945068359375,323.8931579589844,1000000
2025-06-25,324.776611328125,323.8931579589844,324.776611328125,323.8931579589844,1000000
2025-06-26,330.9609680175781,324.776611328125,330.9609680175781,324.776611328125,1000000
2025-06-27,332.08984375,330.9609680175781,332.08984375,330.9609680175781,1000000
2025-06-30,328.75225830078125,332.08984375,332.08984375,328.75225830078125,1000000
2025-07-01,326.4945068359375,328.75225830078125,328.75225830078125,326.4945068359375,1000000
2025-07-02,327.6233825683594,326.4945068359375,327.6233825683594,326.4945068359375,1000000
2025-07-03,328.4577941894531,327.6233825683594,328.4577941894531,327.6233825683594,1000000
2025-07-04,329.3412780761719,328.4577941894531,329.3412780761719,328.4577941894531,1000000
2025-07-07,331.2554931640625,329.3412780761719,331.2554931640625,329.3412780761719,1000000
2025-07-08,336.8999328613281,331.2554931640625,336.8999328613281,331.2554931640625,1000000
2025-07-09,337.68524169921875,336.8999328613281,337.68524169921875,336.8999328613281,1000000
2025-07-10,335.1820373535156,337.68524169921875,337.68524169921875,335.1820373535156,1000000
2025-07-11,336.4090881347656,335.1820373535156,336.4090881347656,335.1820373535156,1000000
2025-07-14,335.82012939453125,336.4090881347656,336.4090881347656,335.82012939453125,1000000
2025-07-15,335.721923828125,335.82012939453125,335.82012939453125,335.721923828125,1000000
2025-07-16,336.1636962890625,335.721923828125,336.1636962890625,335.721923828125,1000000
2025-07-17,336.3600158691406,336.1636962890625,336.3600158691406,336.1636962890625,1000000
2025-07-18,335.82012939453125,336.3600158691406,336.3600158691406,335.82012939453125,1000000
2025-07-21,335.28021240234375,335.82012939453125,335.82012939453125,335.28021240234375,1000000
2025-07-22,334.59307861328125,335.28021240234375,335.28021240234375,334.59307861328125,1000000
2025-07-23,336.7526550292969,334.59307861328125,336.7526550292969,334.59307861328125,1000000
2025-07-24,332.6788635253906,336.7526550292969,336.7526550292969,332.6788635253906,1000000
2025-07-25,327.08349609375,332.6788635253906,332.6788635253906,327.08349609375,1000000
2025-07-28,326.83807373046875,327.08349609375,327.08349609375,326.83807373046875,1000000
2025-07-29,328.4577941894531,326.83807373046875,328.4577941894531,326.83807373046875,1000000
2025-07-30,332.5806579589844,328.4577941894531,332.5806579589844,328.4577941894531,1000000
2025-07-31,328.11419677734375,332.5806579589844,332.5806579589844,328.11419677734375,1000000
2025-08-01,324.8257141113281,328.11419677734375,328.11419677734375,324.8257141113281,1000000
2025-08-04,325.905517578125,324.8257141113281,325.905517578125,324.8257141113281,1000000
2025-08-05,327.4761657714844,325.905517578125,327.4761657714844,325.905517578125,1000000
2025-08-06,326.0036926269531,327.4761657714844,327.4761657714844,326.0036926269531,1000000
2025-08-07,323.69683837890625,326.0036926269531,326.0036926269531,323.69683837890625,1000000
2025-08-08,328.6050109863281,323.69683837890625,328.6050109863281,323.69683837890625,1000000
2025-08-11,329.97930908203125,328.6050109863281,329.97930908203125,328.6050109863281,1000000
2025-08-12,333.8568420410156,329.97930908203125,333.8568420410156,329.97930908203125,1000000
2025-08-13,333.7095947265625,333.8568420410156,333.8568420410156,333.7095947265625,1000000
2025-08-14,333.1205749511719,333.7095947265625,333.7095947265625,333.1205749511719,1000000
2025-08-18,329.88116455078125,333.1205749511719,333.1205749511719,329.88116455078125,1000000
2025-08-19,328.8995361328125,329.88116455078125,329.88116455078125,328.8995361328125,1000000
2025-08-20,335.721923828125,328.8995361328125,335.721923828125,328.8995361328125,1000000
2025-08-21,332.5806579589844,335.721923828125,335.721923828125,332.5806579589844,1000000
2025-08-22,330.8137512207031,332.5806579589844,332.5806579589844,330.8137512207031,1000000
2025-08-25,331.64813232421875,330.8137512207031,331.64813232421875,330.8137512207031,1000000
2025-08-26,327.08349609375,331.64813232421875,331.64813232421875,327.08349609375,1000000
2025-08-28,324.7275390625,327.08349609375,327.08349609375,324.7275390625,1000000
2025-08-29,321.5372009277344,324.7275390625,324.7275390625,321.5372009277344,1000000
2025-09-01,324.62939453125,321.5372009277344,324.62939453125,321.5372009277344,1000000
2025-09-02,330.1265869140625,324.62939453125,330.1265869140625,324.62939453125,1000000
2025-09-03,328.11419677734375,330.1265869140625,330.1265869140625,328.11419677734375,1000000
2025-09-04,327.2713623046875,328.11419677734375,328.11419677734375,327.2713623046875,1000000
2025-09-05,325.9327392578125,327.2713623046875,327.2713623046875,325.9327392578125,1000000
2025-09-08,323.9495849609375,325.9327392578125,325.9327392578125,323.9495849609375,1000000
2025-09-09,321.3714599609375,323.9495849609375,323.9495849609375,321.3714599609375,1000000
2025-09-10,322.9084167480469,321.3714599609375,322.9084167480469,321.3714599609375,1000000
2025-09-11,328.262939453125,322.9084167480469,328.262939453125,322.9084167480469,1000000
2025-09-12,328.9075012207031,328.262939453125,328.9075012207031,328.262939453125,1000000
2025-09-15,328.3125305175781,328.9075012207031,328.9075012207031,328.3125305175781,1000000
2025-09-16,332.2292785644531,328.3125305175781,332.2292785644531,328.3125305175781,1000000
2025-09-17,333.5679016113281,332.2292785644531,333.5679016113281,332.2292785644531,1000000
2025-09-18,334.1133117675781,333.5679016113281,334.1133117675781,333.5679016113281,1000000
2025-09-19,335.7989807128906,334.1133117675781,335.7989807128906,334.1133117675781,1000000
2025-09-22,336.3443603515625,335.7989807128906,336.3443603515625,335.7989807128906,1000000
2025-09-23,340.11236572265625,336.3443603515625,340.11236572265625,336.3443603515625,1000000
2025-09-24,344.67364501953125,340.11236572265625,344.67364501953125,340.11236572265625,1000000
2025-09-25,337.6333923339844,344.67364501953125,344.67364501953125,337.6333923339844,1000000
2025-09-26,335.0552673339844,337.6333923339844,337.6333923339844,335.0552673339844,1000000
2025-09-29,338.0796203613281,335.0552673339844,338.0796203613281,335.0552673339844,1000000
2025-09-30,337.5838317871094,338.0796203613281,338.0796203613281,337.5838317871094,1000000
2025-10-01,337.385498046875,337.5838317871094,337.5838317871094,337.385498046875,1000000
2025-10-03,339.1207580566406,337.385498046875,339.1207580566406,337.385498046875,1000000
2025-10-06,336.24517822265625,339.1207580566406,339.1207580566406,336.24517822265625,1000000
2025-10-07,335.1544494628906,336.24517822265625,336.24517822265625,335.1544494628906,1000000
2025-10-08,330.98980712890625,335.1544494628906,335.1544494628906,330.98980712890625,1000000
2025-10-09,333.0225524902344,330.98980712890625,333.0225524902344,330.98980712890625,1000000
2025-10-10,336.84014892578125,333.0225524902344,336.84014892578125,333.0225524902344,1000000
2025-10-13,338.82330322265625,336.84014892578125,338.82330322265625,336.84014892578125,1000000
2025-10-14,333.8157958984375,338.82330322265625,338.82330322265625,333.8157958984375,1000000
2025-10-15,336.3939208984375,333.8157958984375,336.3939208984375,333.8157958984375,1000000
2025-10-16,338.6249694824219,336.3939208984375,338.6249694824219,336.3939208984375,1000000
2025-10-17,338.1291809082031,338.6249694824219,338.6249694824219,338.1291809082031,1000000
2025-10-20,339.0711975097656,338.1291809082031,339.0711975097656,338.1291809082031,1000000
2025-10-21,339.1207580566406,339.0711975097656,339.1207580566406,339.0711975097656,1000000
2025-10-23,339.7652893066406,339.1207580566406,339.7652893066406,339.1207580566406,1000000
2025-10-24,336.7409973144531,339.7652893066406,339.7652893066406,336.7409973144531,1000000
2025-10-27,338.87286376953125,336.7409973144531,338.87286376953125,336.7409973144531,1000000
2025-10-28,336.2947692871094,338.87286376953125,338.87286376953125,336.2947692871094,1000000
2025-10-29,344.574462890625,336.2947692871094,344.574462890625,336.2947692871094,1000000
2025-10-30,342.2442321777344,344.574462890625,344.574462890625,342.2442321777344,1000000
2025-10-31,334.1133117675781,342.2442321777344,342.2442321777344,334.1133117675781,1000000
2025-11-03,332.3780212402344,334.1133117675781,334.1133117675781,332.3780212402344,1000000
2025-11-04,327.8167419433594,332.3780212402344,332.3780212402344,327.8167419433594,1000000
2025-11-05,327.8167419433594,327.8167419433594,327.8167419433594,327.8167419433594,1000000
2025-11-06,323.8999938964844,327.8167419433594,327.8167419433594,323.8999938964844,1000000
2025-11-07,326.1000061035156,323.8999938964844,326.1000061035156,323.8999938964844,1000000
2025-11-10,325.45001220703125,326.1000061035156,326.1000061035156,325.45001220703125,1000000
2025-11-11,326.6499938964844,325.45001220703125,326.6499938964844,325.45001220703125,1000000
2025-11-12,327.1499938964844,326.6499938964844,327.1499938964844,326.6499938964844,1000000
2025-11-13,326.95001220703125,327.1499938964844,327.1499938964844,326.95001220703125,1000000
2025-11-14,328.45001220703125,326.95001220703125,328.45001220703125,326.95001220703125,1000000
2025-11-17,330.20001220703125,328.45001220703125,330.20001220703125,328.45001220703125,1000000
2025-11-18,328.45001220703125,330.20001220703125,330.20001220703125,328.45001220703125,1000000
2025-11-19,326.6000061035156,328.45001220703125,328.45001220703125,326.6000061035156,1000000
2025-11-20,326.6000061035156,326.6000061035156,326.6000061035156,326.6000061035156,1000000
2025-11-21,326.6499938964844,326.6000061035156,326.6499938964844,326.6000061035156,1000000
2025-11-24,323.45001220703125,326.6499938964844,326.6499938964844,323.45001220703125,1000000
2025-11-25,323.70001220703125,323.45001220703125,323.70001220703125,323.45001220703125,1000000
2025-11-26,326.1000061035156,323.70001220703125,326.1000061035156,323.70001220703125,1000000
2025-11-27,327.3500061035156,326.1000061035156,327.3500061035156,326.1000061035156,1000000
2025-11-28,326.45001220703125,327.3500061035156,327.3500061035156,326.45001220703125,1000000
2025-12-01,327.1000061035156,326.45001220703125,327.1000061035156,326.45001220703125,1000000
